0.000000 0.000000 0.000000
0.000000 0.000000 0.000000
0.000000 0.000000 0.000000
0.000000 0.000000 0.000000
0.000000 0.000000 0.000000
0.000000 0.000000 0.000000
0.000000 0.000000 0.000000
0.000000 0.000000 0.000000
0.000000 0.000000 0.000000
0.000000 0.000000 0.000000
0.000000 0.000000 0.000000
0.000000 0.000000 0.000000
0.000000 0.000000 0.000000
0.000000 0.000000 0.000000
0.000000 0.000000 0.000000
0.000000 0.000000 0.000000
0.000000 0.000000 0.000000
0.000000 0.000000 0.000000
0.000000 0.000000 0.000000
0.000000 0.000000 0.000000
0.000000 0.000000 0.000000
0.000000 0.000000 0.000000
0.000000 0.000000 0.000000
0.000000 0.000000 0.000000
0.000000 0.000000 0.000000
0.000000 0.000000 0.000000
0.000000 0.000000 0.000000
0.000000 0.000000 0.000000
0.000000 0.000000 0.000000
0.000000 0.000000 0.000000
0.000000 0.000000 0.000000
0.000000 0.000000 0.000000
0.000000 0.000000 0.000000
0.000000 0.000000 0.000000
0.000000 0.000000 0.000000
0.000000 0.000000 0.000000
0.000000 0.000000 0.000000
0.000000 0.000000 0.000000
0.000000 0.000000 0.000000
0.000000 0.000000 0.000000
0.000000 0.000000 0.000000
0.000000 0.000000 0.000000
0.000000 0.000000 0.000000
0.000000 0.000000 0.000000
0.000000 0.000000 0.000000
0.000000 0.000000 0.000000
0.000000 0.000000 0.000000
0.000000 0.000000 0.000000
0.000000 0.000000 0.000000
0.000000 0.000000 0.025325
0.014635 -0.005856 0.015703
0.031799 0.008765 0.027947
0.023732 -0.012639 0.022343
0.039014 0.012034 0.026269
0.059498 -0.005248 0.024545
0.066321 0.004416 0.024038
0.059755 0.001082 0.005636
0.003955 0.001659 0.000000
0.000000 0.000000 0.000000
0.000000 0.000000 0.000000
0.000000 0.000000 0.000000
0.000000 0.000000 0.000000
0.009698 0.001666 0.012824
0.011087 -0.007699 0.011942
0.028556 0.004312 0.012976
0.055275 -0.003613 0.023483
0.057565 0.006954 0.020053
0.065258 -0.002674 0.016995
0.077083 0.006357 0.018103
0.056831 -0.004725 0.006846
0.073468 0.004126 0.018144
0.117020 -0.005472 0.024173
0.068790 0.001405 0.017298
0.074191 0.000359 0.027267
0.070671 0.007327 0.016718
0.080469 -0.003185 0.017395
0.072448 0.004012 0.016199
0.077843 -0.005689 0.026904
0.071787 0.001385 0.017477
0.073032 0.009230 0.011017
0.035605 0.004274 0.017776
0.119922 -0.007917 0.017360
0.087068 -0.003487 0.007119
0.071722 0.004795 -0.010178
0.064543 -0.002262 -0.020520
0.065321 -0.000722 -0.012073
0.061073 0.000214 -0.006576
0.032025 -0.005021 -0.015801
0.066550 0.001681 -0.012271
0.069785 0.001591 -0.017306
0.082163 0.002885 -0.006348
0.105423 -0.006512 -0.014724
0.078572 0.003833 -0.002971
0.069507 -0.004601 0.000000
0.110398 0.001784 -0.006136
0.030532 -0.002071 0.000000
0.084807 0.004756 0.005423
0.078942 -0.005086 0.006849
0.084196 0.003663 0.000000
0.106522 0.004417 0.003470
0.093669 -0.006004 -0.000455
0.080978 0.002844 0.003120
0.096688 0.002381 -0.002183
0.086707 -0.006637 0.002183
0.094203 0.002454 0.000000
0.086972 0.002453 0.000000
0.120413 0.001684 -0.002200
0.110813 0.002778 0.002200
0.094952 -0.007587 0.000000
0.094592 0.001763 0.000000
0.092704 0.002454 0.000000
0.103198 0.001763 0.000000
0.098652 0.001764 0.000000
0.094017 -0.007613 -0.001204
0.049254 0.005209 -0.005687
0.103087 0.002486 0.000756
0.101018 -0.006957 0.000000
0.106485 0.001767 -0.000224
0.104059 0.002423 0.000224
0.191226 -0.001692 -0.008229
0.041882 0.006047 0.000889
0.159588 -0.009583 0.000000
0.048117 0.005982 0.000464
0.102492 -0.006315 -0.005396
0.094889 0.003669 0.000000
0.163394 0.003486 0.006136
0.052866 -0.006324 0.000252
0.146071 0.003284 0.005884
0.114636 0.001933 0.003428
0.102529 0.001634 0.006668
0.104119 0.001522 0.004335
0.122192 0.000328 0.003976
0.059345 0.000518 0.006638
0.154166 0.000834 0.018894
0.053070 -0.002105 0.011825
0.146433 -0.002413 0.020534
0.103486 0.004930 0.025234
0.095799 0.001640 0.013808
0.096467 0.000453 0.027199
0.095875 -0.000735 0.016653
0.099758 0.004750 0.024348
0.106185 0.001876 0.012083
0.044494 0.015243 0.021753
0.101014 -0.019762 0.018992
0.183008 0.004510 0.039733
0.099558 0.001519 0.026039
0.093002 0.001577 0.016746
0.100066 0.000081 0.024352
0.098066 0.005774 0.010892
0.100074 -0.004062 0.004458
0.054561 0.023536 0.017403
0.083786 -0.023255 0.011072
0.096325 0.005091 0.005636
0.153191 0.000363 0.000000
0.090969 -0.003564 0.006136
0.096929 -0.000397 -0.002667
0.065546 -0.000015 -0.003692
0.163058 0.000369 -0.008621
0.034224 -0.003611 -0.010061
0.104942 0.002273 -0.018693
0.100947 -0.004318 -0.018398
0.155239 0.004333 -0.034849
0.098466 -0.003228 -0.022451
0.105685 0.002496 -0.018761
0.098852 -0.007529 -0.022850
0.108826 0.003808 -0.024547
0.107750 -0.004856 -0.022828
0.115061 0.000343 -0.013987
0.089281 0.002128 -0.011965
0.096169 -0.007635 -0.004931
0.152762 0.001832 -0.006136
0.105575 0.004604 -0.006136
0.124499 -0.005655 0.000000
0.096914 0.003504 0.000000
0.104936 -0.005791 -0.006136
0.116606 0.004215 0.000000
0.113736 -0.004957 0.000000
0.115470 0.004189 -0.001204
0.039081 -0.002405 0.001204
0.116604 0.004187 -0.006136
0.113317 -0.004259 0.000000
0.190774 0.002798 0.000000
0.114920 -0.004398 -0.006136
0.115708 0.005639 0.000000
0.110635 -0.003559 0.000000
0.048667 -0.001786 -0.000606
0.099717 0.007533 0.000383
0.114858 -0.003563 -0.005913
0.113350 -0.002803 0.012812
0.150280 0.007604 0.017732
0.111951 -0.005223 0.024301
0.100603 0.003153 0.022385
0.116021 -0.001631 0.024561
0.111142 0.004451 0.028545
0.090843 0.003451 0.026235
0.109348 -0.002846 0.029061
0.159835 0.007846 0.041130
0.121428 0.003271 0.036836
0.101209 0.006456 0.025718
0.111035 -0.004512 0.036176
0.107642 -0.001317 0.019604
0.114128 0.009578 0.030680
0.119679 -0.006781 0.031116
0.102978 0.002015 0.020694
0.077140 0.026632 0.012269
0.087525 -0.024748 0.015688
0.187344 0.003995 0.018724
0.122158 -0.005774 0.009250
0.103584 0.006132 0.005033
0.112233 -0.008555 -0.026030
0.096183 0.008181 -0.011668
0.054640 -0.005819 -0.023825
0.146022 0.029227 -0.026266
0.096019 -0.026525 -0.015688
0.108659 -0.008993 -0.017416
0.122111 0.001034 -0.011773
0.166909 0.002522 0.000000
0.121949 0.000328 0.015429
0.114557 0.001977 0.024921
0.091379 -0.001972 0.019083
0.136702 0.032021 0.024540
0.086994 -0.024641 0.023341
0.119304 -0.002971 0.034922
0.125641 0.005715 0.024433
0.163576 0.003730 0.039208
0.123980 -0.000986 0.027018
0.111865 0.002075 0.028794
0.122296 0.004729 0.022072
0.110680 -0.004282 0.030852
0.120459 0.005062 0.024346
0.119266 0.002338 0.030954
0.136360 0.004419 0.026476
0.082657 -0.005479 0.021631
0.162261 0.006381 0.033663
0.111367 0.001726 0.028405
0.115774 0.002023 0.039033
0.107791 0.001849 0.036716
0.096030 0.000916 0.017092
0.105104 0.003368 0.038745
0.128086 0.011417 0.025736
0.044945 -0.007939 0.028006
0.117519 0.004775 0.024299
0.110257 0.001717 0.029751
0.115140 0.004506 0.025466
0.195423 0.002623 0.032147
0.114153 0.000690 0.012131
0.097585 -0.001061 0.003035
0.125171 -0.001329 0.005425
0.048125 0.003612 0.006135
0.115561 -0.002802 -0.000725
0.096998 0.004345 -0.005707
0.112373 -0.002048 0.000297
0.171359 -0.002612 -0.009264
0.108565 -0.000854 0.003128
0.106791 -0.001618 -0.006136
0.114476 0.008359 -0.002214
0.133011 -0.000273 0.002214
0.070574 -0.000659 0.000000
0.108335 -0.000694 -0.006413
0.160407 0.000100 0.000277
0.136367 -0.007126 -0.006136
0.107091 0.000328 -0.008803
0.107782 0.001176 -0.014520
0.119506 -0.003183 -0.005194
0.117143 0.003434 -0.018248
0.101956 0.014671 -0.019997
0.137297 -0.024951 -0.030694
0.038871 0.001501 -0.026822
0.193653 0.017117 -0.051312
0.163627 -0.026123 -0.082449
0.101498 -0.008399 -0.042212
0.123856 -0.003924 -0.059502
0.126416 -0.003893 -0.048599
0.087151 0.027218 -0.026148
0.149265 -0.036452 -0.064360
0.057540 -0.003262 -0.062180
0.125295 -0.004340 -0.079316
0.110078 -0.000824 -0.074514
0.182766 -0.013323 -0.133432
0.065398 -0.001249 -0.064374
0.175925 -0.022441 -0.158669
0.065239 -0.000680 -0.080803
0.187606 -0.012799 -0.143563
0.057503 -0.003274 -0.119425
0.113885 -0.009404 -0.103369
0.114908 -0.003745 -0.066911
0.186702 -0.011066 -0.108496
0.111865 -0.004620 -0.040077
0.120600 -0.000484 -0.055148
0.117647 -0.001639 -0.054121
0.121424 -0.007899 -0.060669
0.113325 0.000606 -0.045029
0.126449 -0.001908 -0.059192
0.111126 0.000545 -0.045651
0.156627 -0.009746 -0.058538
0.108451 -0.000258 -0.022707
0.118195 0.002067 -0.030666
0.111647 -0.006913 -0.022592
0.111110 0.001567 -0.030463
0.099458 -0.001847 -0.022594
0.109121 0.003078 -0.002466
0.045925 -0.005897 -0.008827
0.113386 -0.003018 0.002369
0.151756 -0.018008 0.012438
0.075713 0.023865 0.011216
0.110947 0.001386 0.005425
0.184820 -0.000478 0.000000
0.136197 0.000715 0.000000
0.090797 -0.000966 -0.006136
0.088558 -0.028252 -0.009339
0.114201 -0.005395 -0.038744
0.075745 0.025934 -0.050538
0.100352 -0.002817 -0.056837
0.109158 0.003387 -0.061335
0.161813 -0.016465 -0.102641
0.096550 -0.002669 -0.075021
0.101386 -0.003428 -0.084011
0.110505 -0.004040 -0.081253
0.097723 -0.003516 -0.058392
0.086419 0.003920 -0.036390
0.102867 -0.001192 -0.029789
0.093832 -0.007179 -0.015506
0.134541 0.002438 -0.024142
0.095534 -0.003435 -0.011151
0.094222 -0.002903 -0.009543
0.103566 -0.000611 0.008321
0.108328 0.008419 0.004437
0.104219 -0.001373 0.009035
0.112622 -0.002484 0.004936
0.056011 0.003104 0.000000
0.103519 -0.003153 0.000000
0.189164 0.000615 0.006136
0.129954 0.005521 0.000000
0.121320 -0.003382 0.000000
0.103894 -0.004089 -0.007835
0.112612 0.006776 -0.007143
0.113358 -0.002429 -0.012272
0.048867 -0.005330 -0.018483
0.102509 0.001227 -0.022765
0.124550 -0.005814 -0.026303
0.111807 -0.001173 -0.028715
0.114903 0.000748 -0.024746
0.157415 0.002723 -0.020052
0.108521 -0.003539 -0.008407
0.155539 0.001209 -0.001221
0.100214 0.013958 -0.006136
0.045237 -0.014374 -0.000234
0.124206 -0.001338 0.000234
0.098427 -0.003565 -0.006136
0.161841 -0.000656 0.000000
0.094638 0.006229 0.000000
0.107161 -0.000713 -0.001695
0.115875 -0.002876 -0.004441
0.114741 0.000053 0.000000
0.090139 -0.002252 -0.001203
0.115532 0.000217 0.001203
0.120852 -0.002514 -0.008076
0.120235 -0.002754 -0.028471
0.109646 0.002777 -0.035508
0.106220 -0.005056 -0.041412
0.098230 -0.004568 -0.065312
0.092734 0.002252 -0.075987
0.109824 -0.006670 -0.078071
0.101320 0.002667 -0.069461
0.098424 -0.007792 -0.035216
0.081426 0.023402 -0.060850
0.078333 -0.030652 -0.067473
0.090823 -0.004286 -0.062080
0.106436 -0.004074 -0.055043
0.181336 -0.014223 -0.107972
0.092792 0.005063 -0.017856
0.054983 0.017128 -0.041183
0.095475 -0.018086 -0.016567
0.114468 -0.003707 -0.004763
0.095613 0.001006 0.000000
0.116866 -0.003109 0.000000
0.161284 0.005320 0.000000
0.111674 -0.003407 -0.006136
0.104095 -0.003101 -0.017354
0.094857 0.003140 -0.011001
0.101838 -0.004769 -0.026846
0.136951 0.001512 -0.042779
0.047023 -0.005846 -0.032714
0.153666 -0.000725 -0.087526
0.108118 -0.008242 -0.058746
0.111489 -0.004214 -0.072665
0.101563 -0.003086 -0.048859
0.104251 0.002498 -0.034046
0.103090 -0.002894 -0.034077
0.103245 0.001582 -0.017916
0.039349 0.001649 -0.003101
0.103668 -0.004846 0.004523
0.094160 0.003768 0.036322
0.101895 0.000684 0.068583
0.175865 0.012648 0.119495
0.096458 -0.000091 0.031263
0.108210 0.005510 0.020686
0.103884 -0.006479 -0.001864
0.053702 0.013994 0.000000
0.098562 0.002882 0.000000
0.103288 -0.015436 -0.006918
0.115535 0.001471 0.000782
0.107908 0.001369 -0.000289
0.169727 0.001058 -0.005847
0.105388 0.002082 0.000000
0.117187 -0.007513 -0.008805
0.079002 0.001051 -0.003759
0.135560 0.010524 -0.012703
0.113943 -0.013464 -0.006198
0.132492 0.001999 -0.006064
0.114938 -0.004617 -0.011867
0.181731 0.005334 -0.012951
0.110623 -0.001564 -0.001588
0.126086 -0.001618 -0.006225
0.113773 0.000992 0.034855
0.126669 0.005868 0.032863
0.113340 0.000809 0.015979
0.124670 -0.000969 0.022936
0.118478 0.004720 0.010689
0.097659 0.005740 0.032947
0.168569 0.000031 0.025692
0.125339 0.001397 0.053269
0.113904 -0.000444 0.059086
0.135683 0.004816 0.056373
0.102049 0.009018 0.043384
0.082181 0.027499 0.021855
0.113006 0.000472 0.031688
0.105481 -0.026602 0.036627
0.120403 0.005095 0.023033
0.115617 -0.003731 0.004398
0.182591 0.002483 0.015575
0.077210 -0.006232 0.003747
0.195252 0.006309 0.012697
0.090455 0.034984 0.006134
0.110379 -0.003029 0.005667
0.091124 -0.025143 0.012312
0.120018 -0.005163 0.024775
0.132396 0.005698 0.030954
0.179021 0.004761 0.053763
0.117160 0.004654 0.061790
0.119736 0.003761 0.055103
0.117502 0.001896 0.050748
0.121375 0.003451 0.055231
0.105584 0.004307 0.058961
0.075993 -0.000459 -0.044950
0.087917 -0.004839 -0.052844
0.118411 -0.002540 0.059184
0.060116 0.011703 0.163303
0.068789 0.009348 0.171694
0.071204 0.006840 0.138730
0.088209 0.006646 0.141775
0.090101 0.001671 0.116178
0.119263 0.003509 0.065480
0.109980 0.003475 0.027815
0.103208 -0.013736 0.067487
0.051980 0.026136 0.061457
0.170091 -0.001433 0.048402
0.111743 0.001604 0.028004
0.095515 0.000590 -0.015501
0.107555 0.002735 0.000000
0.098972 -0.001101 -0.009947
0.095214 -0.004639 -0.012673
0.046914 0.002307 -0.023541
0.096055 -0.000672 -0.022338
0.100696 -0.006791 -0.024323
0.143857 0.002888 -0.033096
0.104122 -0.001755 -0.018424
0.110611 -0.005057 -0.055611
0.097598 -0.006348 -0.085561
0.124493 -0.008666 -0.099093
0.031962 0.002855 -0.104853
0.079947 -0.012551 -0.146101
0.064864 -0.002444 -0.142021
0.078105 -0.008703 -0.196521
0.062602 -0.004360 -0.153424
0.055672 -0.006857 -0.138543
0.060517 0.001123 -0.147412
0.076447 -0.000986 -0.097369
0.078530 -0.011451 -0.095704
0.069130 0.001844 -0.073112
0.083545 0.004262 -0.033944
0.105796 -0.007715 -0.098281
0.108358 -0.009149 -0.039483
0.093421 0.004486 -0.025521
0.100257 -0.003927 -0.022805
0.097217 -0.001236 -0.018520
0.096365 0.000728 -0.024939
0.110586 -0.005985 -0.020128
0.032579 0.003455 -0.008087
0.108367 0.006481 -0.020018
0.097326 -0.009881 -0.010373
0.096194 0.000578 -0.017453
0.103428 0.002407 -0.011987
0.101789 -0.005686 -0.006055
0.186423 0.001341 -0.007698
0.104067 0.004932 -0.006134
0.039985 -0.002036 -0.004442
0.101518 -0.003257 -0.007734
0.109308 -0.002685 -0.011795
0.098225 -0.001195 -0.011652
0.102940 -0.000014 -0.018381
0.165720 0.001049 -0.018920
0.103502 0.003718 -0.011151
0.095110 -0.004654 -0.008471
0.112568 -0.003143 -0.006119
0.112322 0.006904 -0.006137
0.105210 -0.002423 -0.006135
0.127680 -0.001224 -0.007119
0.102343 -0.000157 -0.002968
0.114782 0.000023 -0.006136
0.103693 0.000143 0.000000
0.105909 0.001005 0.000000
0.103121 0.000954 -0.001686
0.112530 -0.008093 0.001686
0.114723 0.001005 0.000000
0.110505 0.001179 0.006136
0.042303 -0.004516 0.000000
0.101953 0.008860 0.000712
0.113734 -0.009042 0.005424
0.186335 0.004289 0.006136
0.113898 0.008419 0.004387
0.103193 -0.001848 0.011698
0.111588 -0.002703 0.006136
0.104500 -0.003395 0.008459
0.047566 0.002427 0.000780
0.103422 0.004770 0.005898
0.112431 -0.005241 0.011951
0.167703 0.003086 0.005914
0.109013 0.002241 0.003041
0.107545 0.002028 0.005865
0.110865 0.001103 0.000686
0.067430 0.001028 0.009037
0.177956 -0.000049 -0.000927
0.047146 0.000042 0.000706
0.112419 -0.000002 -0.000500
0.166592 -0.000811 -0.014938
0.111974 -0.008575 -0.016296
0.112974 0.002099 -0.025426
0.102853 -0.003422 -0.010199
0.095442 0.007004 -0.018336
0.122449 -0.010098 -0.026212
0.102996 0.002276 -0.032472
0.116456 -0.003052 -0.021082
0.104700 -0.000234 -0.011756
0.150140 -0.001482 -0.048370
0.105747 -0.003506 -0.025714
0.107967 -0.000343 -0.026326
0.119307 -0.006347 -0.026725
0.105734 0.005720 -0.036721
0.111826 -0.011722 -0.066488
0.114220 -0.004195 -0.064271
0.066942 -0.024856 -0.013677
0.108409 -0.002000 -0.026977
0.103663 0.025645 -0.029963
0.120835 -0.003251 -0.022708
0.109115 0.007731 0.000652
0.143684 -0.036980 0.000000
0.174832 0.032734 0.000000
0.059004 -0.001588 0.000000
0.129392 -0.029083 -0.001203
0.092888 0.031641 0.007339
0.112957 -0.001021 0.000222
0.122085 -0.001022 0.006412
0.164064 0.007058 0.017777
0.111996 -0.003299 0.017305
0.119842 0.003222 0.027549
0.108314 -0.000372 0.024486
0.124825 0.000925 0.024319
0.114431 0.002606 0.030945
0.091991 0.001849 0.017435
0.122236 -0.000239 0.024284
0.130443 0.000143 0.018667
0.168113 0.005015 0.033098
0.107848 0.000024 0.016692
0.116270 -0.002174 0.012305
0.117437 0.004533 -0.007651
0.107136 -0.004418 -0.038303
0.088349 -0.007118 -0.123655
0.085584 -0.012645 -0.219512
0.043529 -0.019995 -0.114185
0.078854 -0.014978 -0.250786
0.079408 -0.005766 -0.384282
0.077438 -0.006158 -0.238307
0.083047 -0.003527 -0.086263
0.095230 0.006903 -0.023048
0.092678 -0.008528 0.010652
0.049807 0.001512 0.001203
0.168680 0.012163 0.020693
0.030111 -0.001048 0.082411
0.112240 0.001355 0.140934
0.150255 0.009367 0.093821
0.107762 0.000676 -0.024927
0.085715 -0.000335 0.041295
0.077564 0.006452 0.048289
0.061268 0.000834 0.026744
0.095530 -0.003388 0.055935
0.095432 0.008941 0.057756
0.116897 0.000394 0.065898
0.091722 -0.003636 0.062551
0.147777 0.017586 0.133763
0.076865 0.005730 0.089735
0.101322 0.004932 0.098337
0.096330 -0.005069 0.100448
0.095771 0.010417 0.085679
0.094159 0.000786 0.069571
0.104831 0.005619 0.026205
0.139251 0.010521 0.081214
0.114203 -0.001761 0.015165
0.104499 -0.003899 0.007842
0.111581 0.004478 0.021179
0.097052 -0.002309 -0.007683
0.102342 0.002310 0.006136
0.101571 0.001454 0.000000
0.109285 0.001324 -0.006136
0.054329 -0.009372 0.000000
0.099554 0.002128 0.000000
0.102312 0.002153 0.006358
0.109652 0.001479 0.012547
0.109770 0.000102 0.012551
0.183591 0.006403 0.035830
0.108975 -0.004342 0.030680
0.048730 -0.002455 0.031230
0.085143 0.014020 0.084126
0.104763 -0.001532 0.098183
0.086117 0.005641 0.090995
0.101811 0.006041 0.102841
0.135719 0.012099 0.148786
0.109787 0.001550 0.079885
0.102249 0.000459 0.060844
0.095418 0.005834 0.067363
0.129169 0.003685 0.074979
0.117364 0.000132 0.066511
0.075169 0.004855 0.035320
0.111064 0.006419 0.048164
0.168251 -0.002067 0.063824
0.127967 0.008370 0.026808
0.108030 -0.002055 0.020184
0.111855 -0.004803 0.014582
0.117245 0.006413 0.006866
0.126885 -0.001629 0.001592
0.110605 0.005180 0.000000
0.103800 -0.000996 -0.000713
0.101455 0.026529 0.006136
0.082574 -0.026012 0.008954
0.218383 -0.000364 0.036221
0.117533 0.005751 0.024526
0.117669 -0.002869 0.030296
0.129823 -0.001284 0.023225
0.112768 0.002607 -0.005927
0.093905 0.026605 -0.013637
0.085809 -0.021863 -0.013396
0.109940 -0.006349 -0.010283
0.127694 0.000389 -0.018128
0.129230 0.002703 -0.013118
0.167785 -0.002428 -0.020539
0.126031 -0.006424 -0.005605
0.070633 0.001803 -0.003468
0.181029 0.030883 -0.006136
0.081491 -0.027214 0.000000
0.101578 -0.003051 0.006251
0.128000 -0.004937 0.012656
0.161941 0.008915 0.017777
0.120032 -0.000969 0.008934
0.120048 -0.002645 -0.002667
0.120628 0.003164 -0.008321
0.109974 -0.001383 -0.005646
0.131301 -0.002227 -0.006041
0.121387 0.000273 0.001600
0.086228 0.029521 0.008842
0.170662 -0.026899 0.070634
0.105483 0.010172 0.086851
0.111313 0.002915 0.043707
0.118362 0.001004 0.024621
0.116280 -0.002194 0.029975
0.121413 0.002341 0.018403
0.058230 0.004842 0.029176
0.184128 0.020105 0.029478
0.045588 -0.016973 0.014698
0.137694 0.002653 0.006360
0.108174 -0.001136 -0.000948
0.165323 -0.001458 -0.008581
0.143660 0.020672 -0.005986
0.128519 -0.029525 -0.024737
0.059690 0.001317 -0.021108
0.174285 0.017212 -0.030688
0.050746 -0.021124 -0.032676
0.121708 0.005000 -0.030679
0.117478 -0.003833 -0.023484
0.125724 0.003511 0.013272
0.162934 -0.000896 0.032730
0.124396 -0.001034 0.026788
0.127489 0.004429 0.028834
0.111055 0.000435 0.024997
0.099525 0.005556 0.020141
0.111255 -0.005859 0.020731
0.109054 0.000265 0.010669
0.164189 -0.001791 -0.014938
0.108763 0.000143 -0.014521
0.111382 -0.001723 -0.024540
0.115773 0.004227 -0.029005
0.115589 -0.001074 -0.037093
0.107491 -0.008604 -0.035581
0.114032 0.025284 -0.018413
0.126141 -0.027109 -0.041239
0.113393 0.018677 -0.037025
0.062381 -0.025406 -0.025328
0.201865 -0.003601 -0.060580
0.145577 -0.011763 -0.033406
0.117651 0.006752 -0.010465
0.116825 0.002686 0.007843
0.092699 0.023618 0.017112
0.120368 0.005503 0.016064
0.127876 -0.002039 0.019734
0.068227 -0.019430 0.015326
0.134675 -0.000988 0.019187
0.176679 -0.002188 0.024009
0.113364 0.001709 0.011150
0.115512 0.000581 0.017658
0.119234 -0.002158 0.005802
0.165531 0.001962 0.008559
0.052341 0.004518 0.012671
0.179989 0.000074 0.017665
0.117452 0.000493 0.002306
0.124517 0.005977 0.022367
0.122178 -0.005438 0.020612
0.110884 0.008319 0.016721
0.117261 -0.005362 0.035592
0.119369 0.003086 0.045098
0.109113 0.006251 0.054496
0.117511 -0.000453 0.048634
0.102435 0.019970 0.022151
0.145368 -0.004599 0.087991
0.145197 0.003302 0.065091
0.104613 0.002549 0.044400
0.119830 0.006854 0.054777
0.114008 -0.000587 0.045287
0.129819 0.002222 0.034508
0.125597 -0.004435 -0.050596
0.109551 -0.006364 -0.024886
0.055630 -0.002153 -0.046712
0.121171 0.002278 -0.049633
0.114823 -0.000632 -0.045185
0.121124 -0.004338 -0.048231
0.122549 -0.007522 -0.048170
0.225201 -0.008638 -0.086707
0.092838 0.015372 -0.016438
0.065453 -0.018692 -0.049093
0.140513 -0.001200 -0.053136
0.105711 -0.005571 -0.048116
0.167790 -0.000976 -0.097913
0.094585 -0.013037 -0.063265
0.108241 0.006989 -0.060377
0.114955 -0.006008 -0.039784
0.096082 -0.007265 -0.036789
0.105235 0.003492 -0.034612
0.103523 0.001344 -0.013973
0.116450 -0.004165 -0.012358
0.112045 0.003847 -0.013381
0.092338 -0.000715 0.007124
0.098809 -0.002012 -0.006135
0.099840 -0.001129 0.000000
0.093246 -0.001132 0.000000
0.106085 0.005543 -0.008282
0.096014 -0.006652 -0.005561
0.071206 0.031801 -0.007270
0.098641 -0.005360 -0.018196
0.143482 -0.027768 -0.033602
0.054973 0.021054 -0.051146
0.077705 -0.025176 -0.062849
0.168511 -0.012762 -0.174341
0.091193 -0.009894 -0.083157
0.110765 -0.004497 -0.075719
0.096452 0.004476 -0.070798
0.110868 -0.007051 -0.036408
0.050900 0.002606 -0.068711
0.107637 -0.004411 -0.063804
0.108010 -0.006311 -0.065302
0.166150 -0.013548 -0.097798
0.096659 -0.001736 -0.063394
0.116006 -0.002108 -0.069695
0.106632 -0.005582 -0.066856
0.058794 0.001111 -0.032986
0.133607 -0.026540 -0.065579
0.083331 0.022606 -0.053667
0.100655 0.000318 -0.046157
0.106731 -0.007659 -0.048308
0.156728 0.002217 -0.023050
0.099090 -0.000858 -0.026275
0.098614 -0.003767 -0.020546
0.104611 -0.002501 -0.018566
0.107289 0.000408 -0.013378
0.089014 -0.004763 -0.003925
0.108386 0.002303 -0.011262
0.091341 0.003780 0.001694
0.136832 -0.003254 0.000000
0.084357 0.003655 0.002176
0.099635 0.003579 0.006137
0.097436 -0.003758 0.013907
0.101394 -0.004086 0.022916
0.076965 0.007141 0.049190
0.076797 -0.022589 0.026031
0.081075 0.007303 0.051899
0.086234 0.023520 0.049099
0.096193 0.003263 0.062235
0.096701 0.000983 0.055940
0.139997 0.007498 0.093454
0.066442 0.003580 0.053975
0.153297 0.003447 0.125055
0.046346 -0.001707 0.050594
0.096011 0.010359 0.077619
0.093603 0.002392 0.092827
0.084846 0.002145 0.076604
0.146522 0.007930 0.121690
0.097733 0.005481 0.092063
0.093802 0.004101 0.079164
0.103849 0.004514 0.079741
0.096422 0.000784 0.077040
0.105810 0.008530 0.071436
0.091688 0.005610 0.049668
0.083391 -0.006821 0.023614
0.119513 0.004376 0.018130
0.159726 -0.004181 0.008423
0.121330 0.001311 0.003354
0.111274 0.000732 0.000000
0.115686 0.000732 0.000000
0.113303 0.000732 0.000000
0.121309 0.000638 -0.007339
0.122411 0.001440 -0.006241
0.090157 0.027970 -0.015179
0.116558 -0.002459 -0.014933
0.075407 -0.028817 0.000740
0.216173 0.002813 0.000000
0.127205 -0.001092 0.000000
0.110313 -0.000409 0.001292
0.124494 0.006952 0.040998
0.110269 0.001097 0.013369
0.052371 -0.006525 0.035227
0.110013 0.008435 0.039533
0.178450 0.007903 0.069692
0.071574 0.000781 0.010056
0.168008 -0.004794 0.022865
0.128034 0.010383 0.015634
0.109864 -0.010444 0.005092
0.132995 0.002070 0.006625
0.139752 0.031421 -0.001469
0.065515 -0.024447 -0.001205
0.125072 -0.006663 -0.006363
0.122892 0.001976 -0.005909
0.169889 0.002728 0.000000
0.128467 -0.005543 -0.008803
0.112284 0.003651 -0.003468
0.127613 -0.003872 -0.008319
0.114484 -0.000787 -0.015003
0.117608 -0.000913 -0.011169
0.117154 0.000774 -0.005032
0.127500 0.001390 -0.006132
0.141243 -0.003987 -0.014485
0.135379 0.004101 -0.001220
0.102055 -0.001722 -0.007830
0.128308 -0.008089 -0.006252
0.123700 0.006119 0.000117
0.120726 0.000019 -0.006136
0.125361 -0.006516 -0.006136
0.084896 0.036632 0.000935
0.117771 0.001513 -0.005996
0.081834 -0.034913 -0.005739
0.185624 -0.005797 -0.025313
0.060830 0.005944 -0.018287
0.180548 -0.015307 -0.056331
0.158484 0.000170 -0.075056
0.117875 0.003219 -0.056830
0.074127 0.018703 -0.027893
0.131336 -0.007208 -0.073291
0.083647 -0.028991 -0.062095
0.183698 -0.008932 -0.117534
0.121653 0.000250 -0.066487
0.118590 -0.002198 -0.056134
0.129932 -0.004682 -0.060279
0.107166 -0.004287 -0.034158
0.125036 0.001152 -0.005311
0.121350 0.001531 -0.012049
0.143005 -0.007998 -0.019604
0.073232 0.005891 -0.012856
0.173043 -0.002273 -0.008437
0.122228 0.000378 0.021036
0.121214 -0.001844 0.027881
0.112264 0.001739 0.012886
0.126774 0.001726 0.020890
0.121157 -0.001070 0.015924
0.049858 0.017622 0.005034
0.189530 -0.006698 0.019917
0.048645 -0.002113 0.016009
0.123476 0.000697 0.012946
0.125336 -0.000954 0.010503
0.214353 0.001923 -0.002978
0.122865 -0.002685 -0.014932
0.116801 -0.001819 -0.047775
0.113367 -0.005000 -0.064283
0.119214 -0.005421 -0.028015
0.061718 0.002540 -0.060019
0.119261 -0.004061 -0.043637
0.111974 0.001818 -0.015202
0.191104 -0.005346 0.000000
0.063532 0.003739 0.000000
0.170347 -0.005633 0.000000
0.121454 0.004298 0.006136
0.140370 0.002992 0.000000
0.063860 -0.006383 0.000000
0.121885 0.003019 0.006136
0.131313 0.002415 -0.000221
0.123150 0.002272 0.000221
0.161077 -0.007034 0.002175
0.120842 0.002518 0.012303
0.141642 0.001054 0.009950
0.111968 -0.000239 0.011168
0.112077 0.007874 0.017301
0.119578 -0.003618 0.018297
0.113830 0.003835 0.012384
0.113141 0.001539 0.005030
0.149710 -0.009317 -0.014730
0.120173 0.002898 0.005889
0.135883 0.001165 -0.002677
0.102316 0.002782 0.016642
0.131843 0.000855 0.015453
0.103178 -0.001310 0.016237
0.066260 0.011783 0.006179
0.102398 -0.003163 0.017262
0.112214 -0.005094 0.019291
0.105607 0.001827 0.016450
0.113677 -0.000073 0.011967
0.114269 -0.001487 -0.000444
0.114161 -0.001513 -0.018966
0.189880 -0.000139 -0.053718
0.058765 0.003743 0.012749
0.122335 0.003293 0.006583
0.111963 -0.005852 -0.008006
0.122192 -0.004925 -0.019188
0.122322 -0.002635 -0.031236
0.180399 -0.004521 -0.093055
0.110597 -0.008725 -0.051618
0.115751 -0.002218 -0.054626
0.141551 0.006884 -0.023156
0.101770 -0.000159 -0.018895
0.116051 -0.006963 -0.021706
0.097914 0.003934 0.033140
0.109637 -0.000034 0.023629
0.177008 0.009657 0.031875
0.113004 -0.005726 -0.005686
0.118423 -0.004485 0.005898
0.122242 0.003850 0.000002
0.112261 0.003717 -0.003880
0.113268 -0.005133 -0.005644
0.131952 0.006115 0.000000
0.132711 -0.004809 -0.014877
0.048330 -0.011234 -0.003531
0.102187 0.007181 -0.017981
0.218742 -0.000202 -0.035825
0.136287 -0.005108 -0.011244
0.113245 0.005675 -0.009071
0.123589 -0.002212 -0.004443
0.116034 -0.001655 -0.006136
0.069735 -0.013095 -0.001202
0.102364 0.015657 0.001202
0.124836 -0.000748 -0.000713
0.114505 -0.000648 0.000713
0.116720 -0.002766 0.006357
0.172736 -0.000916 0.011914
0.102959 0.004732 0.011190
0.114981 0.003633 0.015180
0.086944 -0.007885 0.006052
0.104541 -0.000877 0.010666
0.104665 0.008647 0.005859
0.103316 -0.002743 0.000277
0.148303 -0.002773 0.000000
0.110690 -0.001984 -0.014802
0.093298 -0.002632 -0.044113
0.113002 0.003980 -0.044986
0.125743 -0.009390 -0.045482
0.100673 0.002667 -0.038293
0.108766 0.001492 -0.035505
0.112709 -0.006041 -0.016907
0.123254 -0.005301 -0.048171
0.132118 -0.000337 -0.040021
0.107375 -0.003016 -0.022978
0.117467 -0.000720 -0.032862
0.099503 -0.000958 -0.020640
0.123556 -0.001897 -0.026239
0.104599 -0.003351 -0.014999
0.068450 -0.027914 -0.010852
0.104660 0.028037 -0.024244
0.110441 -0.004903 -0.016415
0.127615 0.002766 -0.012274
0.120078 -0.001443 -0.012272
0.177334 -0.000701 -0.012756
0.152093 0.001989 -0.012980
0.116365 -0.004095 -0.004442
0.050807 0.001753 -0.006849
0.119441 0.004431 -0.007026
0.109280 -0.007879 -0.004756
0.184709 -0.001650 -0.009079
0.118976 0.006656 -0.006090
0.110234 -0.006111 -0.011819
0.131001 0.000469 -0.032076
0.106004 -0.001602 -0.030384
0.122909 -0.004309 -0.030147
0.095140 -0.000846 -0.034411
0.154727 -0.010919 -0.054719
0.120796 0.002206 -0.042885
0.123721 -0.006104 -0.049653
0.110993 0.000601 -0.047781
0.135253 -0.007474 -0.061961
0.117138 0.001697 -0.042434
0.122510 -0.001831 -0.046296
0.106494 -0.004274 -0.040757
0.129500 -0.001609 -0.019059
0.117951 0.001222 -0.010142
0.121371 -0.015788 -0.021828
0.052632 0.012881 -0.010289
0.123414 -0.002398 -0.012201
0.216485 0.004321 -0.005494
0.123038 -0.000029 0.000000
0.106937 0.000153 0.007339
0.055688 -0.003766 0.007606
0.118159 0.007456 0.017338
0.124822 -0.003807 0.018354
0.127736 0.002936 0.019353
0.108348 0.003029 0.022965
0.178345 -0.000777 0.035638
0.111189 0.005770 0.022413
0.141710 -0.000070 0.024271
0.110474 -0.000852 0.001435
0.081824 -0.001320 -0.055971
0.128199 -0.003917 -0.060646
0.116605 -0.005448 -0.038765
0.115140 -0.002823 -0.027959
0.174549 -0.001658 -0.045527
0.121403 -0.003389 -0.012429
0.117619 -0.001715 -0.010932
0.139405 -0.002648 -0.025790
0.103073 0.003627 0.009268
0.114667 0.002178 0.000000
0.124742 0.002178 0.000000
0.121412 0.002179 0.000000
0.122546 -0.007115 0.000000
0.151988 0.001184 0.006136
0.115647 0.003121 0.008418
0.120555 0.000902 0.012173
0.112448 -0.000484 0.020031
0.105353 -0.001602 0.012673
0.112513 0.006090 0.011662
0.050694 -0.002021 0.023440
0.161315 -0.008547 0.025246
0.052654 0.013136 0.022122
0.107768 -0.000982 0.031159
0.108555 0.004513 0.011239
0.161133 0.003223 -0.000221
0.067600 0.000237 -0.018905
0.206127 -0.009050 -0.043956
0.046396 0.003682 -0.014866
0.199105 -0.018453 -0.039636
0.039326 0.007020 -0.018630
0.123371 -0.003860 -0.024545
0.171483 -0.002277 -0.029497
0.113374 0.002841 -0.024590
0.111121 -0.003839 -0.011183
0.126159 -0.002573 -0.012432
0.121716 -0.001183 -0.015519
0.111016 0.000411 -0.029987
0.113489 0.004851 -0.008854
0.111369 -0.003569 -0.020833
0.171378 -0.002157 -0.027240
0.121069 -0.008510 -0.033355
0.121590 0.006332 -0.020204
0.124387 -0.001327 -0.024768
0.113424 -0.008498 -0.055582
0.130171 -0.000023 -0.008777
0.115222 0.001815 0.010893
0.111545 0.009790 0.017683
0.057653 -0.009379 0.022339
0.121610 0.004877 0.029074
0.103110 0.000124 -0.001601
0.206923 -0.002956 0.013875
0.123770 0.010381 0.047220
0.122321 -0.006609 -0.007566
0.121874 0.003452 -0.014393
0.109923 -0.003948 -0.012666
0.047713 0.003022 -0.023540
0.123254 -0.008925 -0.024531
0.103482 0.002653 -0.022130
0.124953 -0.003029 -0.031303
0.170184 -0.000838 -0.035136
0.125636 -0.005331 -0.027771
0.115386 -0.000987 -0.014103
0.126302 0.000159 -0.027407
0.158611 0.019399 -0.007334
0.055158 -0.021116 -0.009565
0.116831 -0.002102 -0.006356
0.125848 -0.001278 -0.005916
0.165633 0.005744 0.000000
0.128915 -0.000651 -0.002667
0.116701 -0.000051 0.002667
0.109036 -0.003435 -0.006136
0.124987 0.000227 -0.001563
0.130734 -0.000023 -0.014516
0.107325 -0.000886 -0.012674
0.100371 -0.002528 -0.029678
0.138552 -0.006215 -0.061352
0.131808 -0.002796 -0.042825
0.109466 -0.006000 -0.042947
0.107200 0.000044 -0.024781
0.128369 0.002054 -0.039927
0.105764 -0.004469 0.002597
0.082583 0.031978 0.012451
0.064979 -0.030894 0.030004
0.126936 0.004031 0.067036
0.103841 0.003938 0.068466
0.174300 0.014077 0.098417
0.119472 0.001236 0.077520
0.125028 0.002368 0.063573
0.152999 -0.000289 0.021794
0.120540 0.007460 -0.005925
0.038113 -0.001720 0.000000
0.123669 -0.002209 -0.006376
0.132257 -0.000125 -0.012254
0.174858 -0.002568 -0.019172
0.134000 -0.007202 -0.031638
0.109956 0.005223 -0.022330
0.127288 -0.001191 -0.021903
0.114133 0.001921 -0.018837
0.110161 -0.006999 -0.016240
0.131068 -0.002702 -0.021280
0.133873 -0.003570 -0.029482
0.078011 0.004548 -0.009890
0.166156 -0.008019 -0.038494
0.133244 -0.003420 -0.032718
0.124878 0.004732 -0.029131
0.104833 -0.002615 -0.006999
0.103945 0.002387 -0.018802
0.131899 0.000330 -0.017648
0.110953 -0.001476 -0.006900
0.116588 -0.000546 -0.001925
0.044120 0.002098 -0.000222
0.126270 -0.000326 -0.005914
0.118059 0.000354 -0.006847
0.190448 -0.005542 -0.013746
0.107793 0.002745 -0.003951
0.107277 -0.001261 0.004591
0.088089 0.022534 0.002748
0.123368 -0.026441 0.007645
0.037303 -0.001502 0.003647
0.114172 0.009360 0.005913
0.108194 -0.004076 0.000000
0.154168 -0.004075 0.000000
0.121978 0.007894 -0.013238
0.104923 -0.006811 -0.016198
0.117714 -0.001516 -0.013400
0.116362 0.004888 -0.012274
0.057308 -0.003018 -0.000335
0.109328 0.001961 -0.006412
0.157283 -0.006925 -0.036066
0.116407 -0.002305 -0.024524
0.106278 0.000542 -0.028474
0.116182 0.003652 -0.030722
0.111117 -0.005137 -0.010080
0.053057 0.000167 0.007645
0.033943 0.002049 0.000000
-0.007814 -0.000000 0.000000
0.000000 0.000000 0.000000
0.000000 0.000000 0.000000
0.001668 -0.000044 -0.026053
0.024448 0.005066 -0.019616
0.030844 -0.001539 -0.014539
0.044613 -0.001785 -0.018336
0.053172 -0.001431 -0.025668
0.064783 0.000174 -0.016678
0.076074 0.001806 -0.000068
0.080693 0.021742 0.010512
0.060203 -0.025789 -0.006848
0.105126 -0.004526 -0.012062
0.117173 0.003696 -0.011876
0.128507 -0.001230 -0.006252
0.136642 -0.000512 -0.006627
0.205488 -0.002894 -0.000952
0.046262 0.003794 0.001665
0.116455 0.000333 0.000000
0.112706 -0.000398 0.000223
0.135794 0.000485 0.012761
0.167048 -0.000338 0.017563
0.123039 -0.003201 0.006135
0.118940 0.009346 0.008455
0.126026 -0.004685 0.015001
0.118536 -0.000043 0.012274
0.116775 0.004640 0.005031
0.125509 0.004178 0.010125
0.098785 -0.003990 -0.009400
0.157351 -0.006031 -0.063363
0.117115 0.002374 -0.049069
0.113322 -0.004104 -0.036178
0.118578 -0.003424 0.015219
0.135905 0.007296 0.000000
0.110126 -0.000025 0.000000
0.117018 -0.005885 0.000000
0.110605 -0.000036 -0.000712
0.089614 0.036668 0.000712
0.137043 -0.005885 0.000000
0.076807 -0.029311 -0.000223
0.203216 0.001460 -0.000489
0.143451 -0.000450 -0.013499
0.113621 -0.004862 -0.032956
0.130309 0.004467 -0.034087
0.065738 0.022778 -0.009299
0.098739 -0.033960 -0.037152
0.112811 0.002207 -0.039254
0.117460 -0.001208 -0.043222
0.174294 -0.002996 -0.053925
0.112101 -0.003814 -0.042933
0.128165 -0.008074 -0.049104
0.118323 -0.004357 -0.040341
0.116368 0.003629 -0.036044
0.099776 0.006885 -0.018599
0.104616 -0.006857 -0.034455
0.122966 -0.004639 -0.023922
0.173777 -0.002050 -0.008582
0.132394 -0.000349 0.002668
0.114255 -0.000848 0.000000
0.115300 0.008303 -0.002290
0.130492 -0.002201 -0.003846
0.125490 -0.000093 0.000000
0.112112 -0.000151 -0.001694
0.050270 0.009922 -0.004441
0.185590 -0.018396 -0.006136
0.134336 0.000835 -0.016331
0.139444 0.002376 -0.020354
0.122194 -0.004825 -0.010919
0.116156 -0.002475 -0.011683
0.130737 -0.001088 -0.010392
0.105430 0.000275 -0.013346
0.065079 0.005557 0.000290
0.109459 0.002014 -0.016153
0.128666 -0.005698 -0.012885
0.124350 -0.003745 -0.011659
0.112041 -0.002242 -0.018195
0.171323 -0.001078 -0.021108
0.080149 0.002791 -0.015711
0.217177 -0.003267 -0.027633
0.124855 -0.001453 -0.000217
0.035916 0.003745 0.005414
0.131280 -0.001146 0.026137
0.121873 0.004553 0.031580
0.111841 0.000369 0.027572
0.172381 0.008551 0.041844
0.120955 0.001278 0.017283
0.122460 -0.001007 -0.000942
0.132192 -0.000730 0.002184
0.103013 -0.002322 -0.034490
0.111595 -0.006883 -0.024941
0.149798 -0.005436 -0.045171
0.082990 0.002164 -0.025534
0.172668 -0.006778 -0.050877
0.111416 0.000737 -0.034038
0.132565 -0.002831 -0.025758
0.121504 -0.000117 -0.009338
0.110264 0.000933 -0.016957
0.125971 0.003314 -0.006434
0.117386 -0.004989 -0.003783
0.057851 -0.007852 -0.006134
0.115948 -0.003752 -0.006496
0.111448 0.015499 -0.004795
0.125253 -0.002275 -0.006136
0.228073 0.003117 -0.005914
0.118562 -0.000740 0.000000
0.114965 -0.000738 0.000000
0.125114 -0.000557 0.007340
0.060465 -0.015382 0.007637
0.101389 0.015792 0.010066
0.182250 -0.002327 0.025035
0.123293 0.004194 0.031671
0.104280 -0.001945 0.019624
0.134075 0.007497 0.035553
0.109680 0.002335 0.028335
0.111432 -0.001567 0.030823
0.075879 0.003077 0.013310
0.119487 0.001395 0.009323
0.093942 0.000121 -0.060761
0.095043 -0.003646 -0.072053
0.162744 -0.003755 -0.006136
0.123042 -0.003302 -0.009293
0.114952 -0.003924 -0.070164
0.118099 -0.002310 -0.034009
0.113209 0.000311 -0.019022
0.126153 -0.003361 -0.004563
0.118581 0.006226 -0.005752
0.053856 -0.020381 -0.005663
0.112392 0.016745 -0.006533
0.223799 -0.002989 -0.022827
0.118619 -0.000475 -0.002792
0.115767 0.000129 0.002676
0.104004 -0.000524 -0.006136
0.115699 0.000409 0.000000
0.111075 0.000409 0.000000
0.058141 0.000205 0.000000
0.110162 0.000317 -0.006847
0.117455 0.001325 0.008229
0.110781 0.000324 0.017249
0.177426 0.002018 0.018105
0.125994 0.000009 0.024350
0.076856 0.002428 0.014987
0.204240 0.001267 0.018720
0.060338 -0.014247 0.012228
0.120561 0.017392 0.006855
0.106621 -0.003950 -0.003429
0.115136 -0.001509 -0.000202
0.121864 0.007663 -0.005934
0.170279 -0.000738 0.000000
0.132201 -0.000887 -0.002676
0.114873 -0.000284 0.002676
0.124385 -0.000467 0.006136
0.114613 -0.001243 0.007803
0.116142 -0.002493 -0.000464
0.104139 0.006820 0.011714
0.173433 -0.003447 0.008167
0.113318 0.005217 0.020649
0.122472 0.002288 0.012270
0.116246 0.000880 0.017528
0.121330 -0.001222 0.020306
0.112864 -0.004059 0.015185
0.131961 0.004800 0.033381
0.111782 -0.000906 0.010065
0.056731 0.003513 0.016807
0.129963 0.005668 0.018247
0.113047 0.002865 0.011050
0.207616 -0.006823 0.012049
0.128961 0.000242 0.007719
0.124789 0.008382 -0.001583
0.120924 -0.000806 0.000000
0.122228 -0.000599 0.006136
0.046450 -0.000690 0.000000
0.121355 -0.001611 0.000000
0.131550 -0.001495 0.000000
0.114312 -0.001496 0.000000
0.169346 -0.001640 -0.002668
0.126395 0.008547 0.008804
0.117431 -0.001970 0.006136
0.124214 -0.002992 0.000000
0.098940 0.006231 0.005424
0.111960 -0.003622 0.006624
0.181716 0.005319 0.006360
0.123664 -0.004615 0.009393
0.119632 0.002177 -0.005924
0.115210 0.004122 0.008803
0.118598 -0.006459 0.006136
0.112658 0.002094 0.006136
0.130341 0.000501 0.000000
0.114047 0.001317 0.007338
0.119464 0.000235 -0.000116
0.060534 0.004547 0.005858
0.205339 0.007419 0.071822
0.134548 0.002749 0.050348
0.122587 -0.006041 0.045722
0.118204 0.010855 0.049074
0.116234 0.001476 0.041085
0.120547 -0.000268 0.049636
0.119542 -0.002265 0.020498
0.073986 0.030439 0.049097
0.095435 -0.019724 0.044135
0.128906 0.003864 0.035553
0.113439 0.003714 0.034115
0.109145 -0.003314 0.024527
0.155464 0.001897 0.005133
0.152108 0.005622 0.006136
0.066290 0.027136 0.000000
0.103384 -0.035778 0.000000
0.117799 0.008169 0.006848
0.104825 -0.000358 0.012060
0.113118 -0.001754 0.011924
0.167680 0.005778 0.027717
0.113593 -0.005411 0.018279
0.110683 0.005952 0.024528
0.090258 0.002113 0.029009
0.104261 -0.000287 0.032772
0.106058 0.002666 0.036814
0.115498 -0.001129 0.030769
0.130517 0.002671 0.035099
0.097058 0.005398 0.031838
0.113478 -0.006290 0.012331
0.104078 0.005737 0.022867
0.105565 -0.003028 0.006559
0.108585 0.001941 0.014145
0.125333 0.006158 0.026653
0.101608 -0.003077 0.003951
0.094511 0.033039 0.009247
0.075243 -0.029784 0.013170
0.121939 -0.001039 0.013158
0.099967 0.000444 0.022823
0.213051 0.007696 0.042827
0.110011 -0.001821 0.023405
0.106637 0.003834 0.029242
0.101221 0.025780 0.013470
0.112993 0.002370 0.021629
0.051741 -0.025403 0.029740
0.117672 0.004754 0.049021
0.116694 0.007913 0.049105
0.173304 0.005315 0.053514
0.104915 -0.003879 0.006175
0.126342 -0.002209 0.015635
0.114370 0.004099 -0.003198
0.135104 -0.004719 -0.002675
0.084234 0.005087 0.008811
0.113435 -0.005342 0.000287
0.124090 0.003903 0.018708
0.180364 0.003844 0.038202
0.115852 -0.002463 0.013505
0.122125 0.005450 0.018399
0.102943 0.002660 0.012889
0.121775 0.001087 0.028373
0.112749 -0.002054 0.023085
0.109591 0.004220 0.025620
0.094978 0.000720 0.009217
0.110724 -0.000185 0.014200
0.121295 -0.001899 0.000000
0.117004 0.007304 0.000000
0.090843 -0.002086 -0.006135
0.113124 -0.001381 0.000000
0.111585 -0.001381 0.000000
0.104470 -0.001381 0.000000
0.103785 -0.001388 -0.000712
0.046933 -0.000674 -0.005424
0.114254 0.008687 0.000000
0.110742 -0.000714 -0.006358
0.146156 0.000032 0.000222
0.119928 0.000172 0.003158
0.053901 -0.000342 -0.003158
0.156708 0.000080 0.006849
0.111695 -0.000572 0.006628
0.030262 -0.000612 0.005152
0.095307 -0.001680 0.012796
0.138407 0.007351 0.018649
0.083821 -0.004250 0.011152
0.095180 0.004121 0.012271
0.086178 -0.006598 0.008572
0.095840 0.001577 -0.002302
0.108315 0.000329 -0.001696
0.103569 0.001357 0.001696
0.110579 0.000381 0.000000
0.078805 0.001127 -0.000195
0.157612 0.000707 0.006331
0.093777 0.001045 0.014447
0.104426 -0.001528 0.013908
0.112992 -0.001920 0.013374
0.113359 0.004648 0.009553
0.086010 -0.004865 -0.002195
0.106223 0.003523 0.006136
0.122843 -0.007961 -0.006848
0.058257 0.010967 -0.006136
0.112692 -0.006333 -0.011798
0.124375 0.004441 -0.006204
0.196239 -0.001245 -0.013166
0.121683 -0.001773 -0.006630
0.122252 -0.001993 -0.010577
0.113772 -0.000367 0.000000
0.046469 -0.004484 0.000000
0.103660 0.000382 0.000000
0.112741 0.000381 -0.000223
0.169388 0.000123 0.009044
0.120485 0.009466 0.012752
0.102765 -0.002039 0.000302
0.126697 -0.001937 0.021076
0.101625 0.005909 0.026728
0.114923 0.002768 0.023875
0.141663 -0.010372 0.020105
0.051589 0.016907 0.028242
0.115224 -0.006276 0.031228
0.159501 0.000676 0.032559
0.120921 0.008718 0.029419
0.099160 0.002003 0.029030
0.099904 0.001144 0.019600
0.118744 -0.000300 0.032893
0.104842 0.004200 0.024438
0.098941 -0.007735 0.007957
0.102708 0.004443 0.041339
0.111160 0.007948 0.012685
0.122356 -0.005005 0.044666
0.135787 0.006048 0.028405
0.113108 0.002535 0.034643
0.136734 0.006335 0.032892
0.101744 -0.006594 0.013994
0.136536 -0.000485 0.018680
0.084423 -0.020022 0.002051
0.082695 0.030966 0.020900
0.120083 0.000116 0.044736
0.116490 0.001314 0.038627
0.192048 0.007120 0.063554
0.111186 -0.002049 0.049785
0.115930 0.004628 0.042117
0.167319 0.008919 0.059625
0.116891 0.012815 0.073618
0.066551 -0.020020 0.061735
0.103608 0.024815 0.067587
0.121995 -0.000234 0.067503
0.181824 0.008761 0.095801
0.117616 0.013013 0.071449
0.125861 -0.006043 0.051948
0.099508 -0.000678 -0.071835
0.105695 -0.009292 -0.039055
0.126281 0.009041 0.040399
0.124276 -0.007547 -0.028122
0.134667 0.006899 0.017056
0.084637 -0.005228 -0.005255
0.172577 0.004534 -0.002391
0.125311 -0.004585 -0.006149
0.112599 0.005836 0.002666
0.114942 -0.003867 -0.001694
0.123054 -0.003740 -0.004441
0.124517 0.006142 0.000000
0.059966 -0.014355 0.000000
0.115577 -0.003043 0.000000
0.111273 0.013445 0.000000
0.134948 -0.001060 0.006840
0.123625 0.005478 0.012278
0.203595 -0.003912 0.013372
0.122257 0.002852 0.020405
0.121587 0.001104 0.003531
0.048003 -0.000808 0.018857
0.123918 0.006372 0.012473
0.140200 -0.003099 0.020758
0.102344 0.002168 0.014704
0.181965 0.001772 0.022857
0.115539 -0.002063 0.007451
0.124674 0.007318 0.022384
0.126129 -0.005443 0.008031
0.106135 0.002264 0.000136
0.138965 0.002245 0.000000
0.089936 0.002243 0.000000
0.111451 -0.006931 0.006136
0.180371 0.001495 0.000000
0.114962 0.001995 0.008900
0.129324 0.000438 -0.000097
0.111935 0.000671 0.005644
0.112820 -0.000186 0.002268
0.121894 -0.000208 0.009523
0.130642 -0.001622 0.006137
0.121412 0.006924 0.000000
0.038517 -0.001158 -0.001695
0.195938 -0.003302 0.006136
0.160024 0.006336 0.003474
0.113189 -0.003025 0.008798
0.112390 0.005094 0.006136
0.121623 -0.005176 0.001693
0.131598 0.003602 0.002748
0.122408 -0.005716 0.001695
0.047272 0.006145 0.000000
0.120713 0.003465 0.005423
0.111695 -0.006641 0.000491
0.121911 0.002663 0.000222
0.180517 0.002635 0.000000
0.131356 -0.007632 -0.006136
0.063732 0.003356 -0.006358
0.218308 0.000876 -0.013744
0.036193 -0.001708 -0.005192
0.121071 -0.003000 -0.006983
0.121685 -0.002256 -0.010898
0.121699 -0.000746 -0.006134
0.170886 -0.000429 -0.008546
0.124637 0.000379 -0.012307
0.129172 0.001412 -0.025072
0.112447 -0.004362 -0.013991
0.112291 -0.002969 -0.027248
0.121584 0.000414 -0.026296
0.133198 -0.004942 -0.035062
0.093740 -0.000595 -0.024065
0.170238 0.000196 -0.044346
0.126415 -0.002690 -0.028013
0.115932 -0.002104 -0.040145
0.118633 -0.003790 -0.047776
0.117629 0.003506 -0.026398
0.119352 -0.005710 -0.044223
0.055298 -0.004117 -0.014314
0.133283 -0.023774 -0.036818
0.116084 -0.001710 -0.041006
0.116570 0.019826 -0.049991
0.119789 -0.003058 -0.042052
0.155842 -0.029813 -0.047897
0.167105 0.020575 -0.075564
0.116187 -0.003323 -0.025321
0.065742 -0.004192 -0.040240
0.152669 -0.035606 -0.047590
0.071692 0.029948 -0.042503
0.126212 -0.003953 -0.044101
0.121451 -0.004127 -0.041517
0.178050 -0.001431 -0.050612
0.131074 -0.002635 -0.039620
0.103308 0.003073 -0.037037
0.124863 -0.004801 -0.030997
0.116498 -0.000288 -0.021718
0.091373 -0.005359 -0.015590
0.125876 0.005020 -0.030680
0.121651 0.000240 -0.024767
0.176784 -0.010524 -0.032874
0.118956 0.003442 -0.020109
0.113513 0.000473 -0.011444
0.124499 -0.001162 -0.018146
0.114973 -0.007646 -0.017306
0.117854 0.006202 -0.010784
0.143059 -0.006575 -0.014758
0.105826 -0.008818 -0.003632
0.127308 0.007576 -0.004933
0.125139 -0.000979 -0.007340
0.145617 0.000177 0.001204
0.123325 -0.000028 0.000000
0.115842 0.000240 0.007829
0.115204 -0.001050 -0.001693
0.116803 0.001595 0.008886
0.121061 -0.010690 0.013731
0.105455 -0.001040 0.016563
0.055800 0.021011 0.003994
0.125789 -0.006198 -0.000478
0.126816 0.002830 -0.012515
0.184858 -0.005792 -0.018930
0.110662 -0.002581 -0.007538
0.158107 0.003679 -0.003713
0.120771 -0.019255 -0.008842
0.114467 0.000256 -0.004085
0.051962 0.015166 0.001136
0.125358 0.000677 -0.000259
0.184772 0.001090 0.005914
0.122272 0.000158 0.003053
0.110074 0.000533 0.020395
0.125366 0.006779 0.014870
0.122850 -0.004170 0.015529
0.118500 0.002349 0.003070
0.119537 -0.004954 -0.011902
0.143968 0.002619 -0.014216
0.123855 -0.005468 -0.030525
0.137086 -0.002559 -0.039035
0.105329 0.003249 -0.035424
0.124071 -0.001549 -0.033821
0.111332 -0.006988 -0.053231
0.122241 0.000784 -0.016286
0.131353 -0.008842 -0.067832
0.111632 0.001914 -0.013132
0.121161 -0.006534 -0.042557
0.056911 -0.004898 -0.028257
0.113710 0.002924 -0.034290
0.120137 -0.002042 -0.023508
0.233070 -0.008301 -0.026201
0.102765 0.004199 0.002193
0.120352 0.002803 0.021365
0.047454 0.000765 0.043763
0.094462 0.003448 0.044741
0.114062 -0.000379 0.049385
0.093293 0.002671 0.038096
0.113319 -0.001336 0.042173
0.160088 0.000940 -0.042913
0.114713 -0.005451 -0.089314
0.122395 -0.003260 -0.073789
0.123198 -0.003411 -0.071430
0.134954 -0.004387 -0.069940
0.076053 -0.000930 -0.034663
0.133314 -0.009264 -0.066547
0.120778 0.003159 -0.050457
0.167595 -0.010173 -0.065940
0.117094 -0.003950 -0.036645
0.123639 -0.004977 -0.056917
0.112310 0.003765 -0.020342
0.128291 -0.002435 -0.051087
0.119042 -0.008281 -0.034090
0.116937 0.003824 -0.010049
0.091279 0.025979 -0.033116
0.124971 -0.004766 -0.038021
0.185009 -0.028452 -0.057649
0.118452 -0.007718 -0.042539
0.123307 -0.000295 -0.027852
0.099435 -0.005749 -0.047250
0.132503 0.002299 -0.026581
0.083429 0.022966 -0.047575
0.116007 -0.009350 -0.053169
0.101278 -0.023254 -0.061275
0.123333 -0.006773 -0.051488
0.117894 -0.005469 -0.061141
0.174867 -0.004731 -0.076595
0.125521 -0.003337 -0.061148
0.075894 -0.001936 -0.040397
0.143526 0.001441 -0.071454
0.111976 -0.007541 -0.055067
0.121255 -0.000148 -0.031709
0.121292 -0.005655 -0.036589
0.181624 -0.003431 -0.037784
0.121968 0.006993 0.052992
0.121515 0.001683 0.075155
0.119841 0.010177 0.066911
0.114513 0.001319 0.063008
0.113368 0.001958 0.054098
0.134952 0.004987 0.053625
0.104708 -0.004399 -0.012868
0.105773 -0.002430 0.011068
0.168390 0.007731 0.002599
0.124425 -0.004330 -0.002599
0.116082 -0.005537 -0.037103
0.123391 -0.000438 -0.027943
0.115758 0.003559 -0.020845
0.123056 -0.001279 0.032056
0.060944 0.014703 0.017802
0.104166 0.003063 0.027534
0.124157 -0.011358 0.037143
0.127258 0.001962 0.029076
0.107762 0.000804 0.016075
0.221444 0.004287 0.005972
0.128475 -0.004529 0.012272
0.120116 0.005548 0.001694
0.116950 -0.006818 -0.002896
0.070318 0.024849 -0.000002
0.101587 -0.021016 -0.014280
0.126322 -0.005068 -0.037392
0.118370 0.000027 -0.040999
0.174122 -0.006310 -0.049905
0.125543 0.002940 0.006122
0.118305 0.005551 0.030828
0.112893 -0.001417 0.013569
0.125616 -0.002747 0.021541
0.086732 0.004411 -0.059362
0.105265 -0.006225 -0.027676
0.184701 0.006068 0.024754
0.108554 -0.007708 0.001416
0.120601 0.001748 0.012053
0.123433 0.000083 0.008866
0.120244 -0.001676 -0.006853
0.121658 -0.000269 0.008075
0.126533 0.007547 0.000000
0.118090 -0.001565 0.000000
0.122630 -0.001565 0.000000
0.052972 0.014009 0.000829
0.197241 -0.015077 -0.000829
0.135226 -0.001292 0.006136
0.115945 -0.002333 0.000000
0.124988 0.006767 0.000000
0.126819 -0.002544 -0.006136
0.117637 -0.001729 -0.006136
0.111415 -0.000825 -0.002271
0.051933 0.005359 -0.003864
0.123943 -0.000032 0.000000
0.124083 -0.009203 -0.006424
0.123722 0.000778 0.000288
0.185879 0.000738 0.000000
0.114820 0.000736 0.000000
0.153907 0.006682 -0.001204
0.055516 -0.005048 0.007340
0.125575 0.000084 0.007739
0.114876 -0.000949 0.010889
0.174405 0.000096 0.002750
0.118504 0.007364 0.018105
0.126003 -0.003588 0.025075
0.124654 0.000713 -0.003199
0.111476 0.003958 0.000000
0.119699 0.000994 -0.007941
0.122641 -0.006922 -0.006025
0.116499 0.002901 -0.007153
0.126949 -0.002978 -0.011254
0.156601 0.005132 -0.004443
0.115000 -0.003101 0.000000
0.125083 -0.003432 -0.006136
0.104694 -0.002594 -0.007829
0.132571 -0.001535 -0.004443
0.108360 -0.001013 -0.008844
0.124638 0.000016 -0.012270
0.052855 0.015467 -0.012302
0.119648 -0.015228 -0.016383
0.115281 0.005380 -0.011783
0.133323 -0.002534 -0.013653
0.116001 -0.000728 -0.010667
0.225491 0.000253 -0.001364
0.103828 0.000717 -0.004772
0.120669 -0.007862 0.000000
0.135640 0.000102 0.000000
0.047653 0.010665 0.000713
0.121220 -0.007958 -0.000713
0.114198 0.001419 0.000000
0.123203 0.001422 -0.000217
0.183445 0.000143 0.000217
0.112170 0.001418 0.000000
0.124129 -0.007860 0.000000
0.121413 0.001149 -0.006136
0.131546 0.000120 -0.039184
0.074147 -0.002431 -0.023459
0.191151 -0.004479 -0.067791
0.112190 -0.002461 -0.034962
0.122401 0.001467 -0.040689
0.119697 -0.002069 -0.026257
0.114294 -0.006829 -0.026856
0.122757 0.005000 -0.022848
0.112931 -0.001478 -0.031996
0.124743 -0.006157 -0.007730
0.049123 -0.008132 -0.010280
0.123227 0.005374 -0.007027
0.128443 -0.012099 -0.004533
0.218213 0.010545 -0.017188
0.114329 -0.000508 -0.011167
0.125095 0.000854 -0.012272
0.107619 0.000001 -0.019079
0.130886 -0.004405 -0.018996
0.118872 0.007247 -0.013704
0.059225 -0.028522 -0.028670
0.119204 0.021167 -0.043745
0.113569 -0.002781 -0.039726
0.185187 -0.010781 -0.069191
0.112694 0.000063 -0.044919
0.126046 -0.007561 -0.049758
0.071821 0.001112 -0.032476
0.208881 -0.007874 -0.057654
0.048366 -0.001096 -0.044336
0.126393 -0.003329 -0.043666
0.115833 0.002653 -0.037915
0.126241 -0.005863 -0.043317
0.169522 -0.009891 -0.050328
0.126614 0.003087 -0.055661
0.115813 -0.001519 -0.036212
0.115956 -0.004298 -0.031884
0.129378 -0.001058 -0.041772
0.097610 -0.003100 -0.034585
0.135025 -0.003959 -0.041748
0.153813 0.000033 -0.043179
0.104498 0.001329 -0.033937
0.126374 -0.010409 -0.036865
0.109678 -0.001970 -0.027803
0.119651 -0.001391 -0.032470
0.137203 0.002312 -0.035083
0.094323 0.000854 -0.023525
0.125998 0.002287 0.004211
0.111455 -0.016857 -0.012671
0.069396 0.014393 -0.005246
0.123493 -0.005289 0.000712
0.115064 0.003807 -0.000223
0.188377 -0.016421 -0.006624
0.166674 0.011488 -0.013746
0.102561 -0.002825 0.000983
0.113517 0.006363 0.007975
0.058328 -0.001115 0.000064
0.123243 -0.003876 0.006148
0.115303 0.004540 0.011782
0.185942 0.004007 0.015214
0.118324 0.002017 0.015491
0.119551 -0.000021 0.015223
0.120351 -0.002030 0.014539
0.121812 -0.004299 0.005583
0.112655 0.006013 -0.006853
0.098282 -0.004383 0.000548
0.119542 0.004604 0.001391
0.185746 -0.004636 0.000000
0.120978 0.004419 0.000000
0.111169 -0.001380 0.014940
0.127518 0.002557 0.000799
0.118544 0.002433 0.000485
0.114159 -0.006927 -0.007762
0.116120 0.004703 -0.036299
0.124626 -0.001805 -0.020770
0.101026 -0.015105 -0.011278
0.125944 0.002169 -0.031998
0.137216 0.005567 -0.038203
0.153808 0.000481 -0.010900
0.101456 -0.005427 0.005995
0.125030 0.003090 0.004323
0.112379 0.002632 0.009165
0.120344 -0.007977 0.001490
0.112692 0.001639 0.043132
0.066980 0.019095 0.098795
0.122519 0.002980 0.094141
0.111962 0.002248 0.096237
0.130156 0.007212 0.098169
0.175242 0.014357 0.140307
0.113921 0.001702 0.006353
0.123635 -0.037785 -0.057129
0.109604 0.001450 0.011708
0.085168 0.029713 0.035774
0.127101 0.003319 0.041355
0.115781 -0.002247 0.059883
0.126154 0.003477 0.061336
0.175085 0.014322 0.107651
0.123585 0.007444 0.086806
0.096702 0.002702 0.070218
0.144984 0.003616 0.082385
0.108570 0.005547 0.064650
0.116649 -0.003271 0.032779
0.133413 0.004839 0.040050
0.077383 0.005540 0.036482
0.149898 0.004892 0.091221
0.123652 0.003771 0.067377
0.103092 0.003877 0.059619
0.103371 0.006213 0.069971
0.122683 -0.002811 0.065227
0.124706 0.006971 0.034810
0.052354 0.016166 0.035591
0.122755 -0.011364 0.025253
0.117392 0.003329 0.022338
0.115298 -0.005948 -0.021895
0.116196 -0.003666 -0.079878
0.197344 -0.009784 -0.143115
0.111583 -0.009024 -0.125359
0.093040 -0.002950 -0.065091
0.085744 -0.018802 -0.147690
0.035338 -0.005137 -0.128551
0.092205 -0.000718 -0.153783
0.106594 -0.010257 -0.147599
0.142139 -0.018508 -0.226100
0.095546 -0.002159 -0.132956
0.105729 -0.009194 -0.133756
0.093403 -0.002426 -0.118557
0.108087 -0.002505 -0.130877
0.131335 -0.010896 -0.133653
0.059093 -0.007083 -0.055008
0.112742 -0.001077 -0.104032
0.170370 -0.010400 -0.095183
0.136702 -0.003838 -0.018026
0.119697 0.007204 -0.024008
0.108831 -0.001069 -0.016235
0.131378 -0.004804 -0.013495
0.106528 0.002875 -0.009052
0.132497 -0.002043 -0.022637
0.111783 -0.001887 -0.004422
0.113515 0.015717 -0.018332
0.061361 -0.021392 -0.022012
0.224130 -0.001498 -0.050714
0.110813 -0.008970 -0.061536
0.117536 0.002191 -0.064266
0.116937 -0.009755 -0.029875
0.105038 0.000932 -0.062353
0.100159 0.022638 -0.060325
0.079215 -0.036800 -0.062986
0.117618 0.002937 -0.061733
0.104645 -0.009502 -0.049549
0.127802 -0.001989 -0.055268
0.160808 -0.001146 -0.075388
0.123562 -0.008456 -0.049085
0.072933 0.004173 -0.028645
0.209282 -0.013195 -0.053251
0.043155 0.004707 -0.036802
0.109368 -0.002809 -0.038807
0.115840 -0.007144 -0.036808
0.176103 0.001656 -0.041126
0.122364 -0.009109 -0.032887
0.117187 0.001986 -0.038456
0.120722 -0.002579 -0.042495
0.095373 -0.003988 -0.016773
0.112014 0.006628 -0.011987
0.123183 -0.001113 -0.006137
0.058201 0.004743 -0.007639
0.218104 -0.004613 -0.012240
0.109769 -0.007034 0.002675
0.133179 0.001552 -0.006136
0.095179 0.003153 0.000000
0.047803 -0.003624 0.000000
0.005475 -0.001034 0.000000
-0.005513 -0.000001 -0.001204
0.000000 0.000000 0.001204
0.000000 0.000000 0.000000
0.011273 -0.000507 0.006136
0.029164 -0.001727 -0.000712
0.043798 0.007669 0.000712
0.076662 -0.005176 0.000000
0.073233 0.005226 -0.006136
0.073551 -0.004240 -0.006136
0.047933 -0.002429 -0.007339
0.098328 0.005002 -0.004933
0.114059 -0.004226 -0.006136
0.112506 -0.003798 -0.012495
0.121955 0.007132 -0.005912
0.190865 -0.002207 -0.009302
0.113612 -0.000526 -0.002971
0.119080 0.000000 0.000000
0.124239 0.000000 0.000000
0.119381 0.000000 0.000000
0.093416 0.000092 0.006136
0.169859 -0.000749 0.000000
0.121407 -0.000339 0.008804
0.131616 -0.001158 0.010573
0.105902 0.006746 0.010338
0.108448 -0.003262 0.018149
0.111399 0.003399 0.019425
0.112899 0.001487 0.012270
0.124217 -0.000253 0.024911
0.046698 0.002789 -0.013633
0.112730 -0.002538 -0.004934
0.122217 -0.001876 -0.000713
0.209249 0.001597 0.000713
0.132665 -0.001867 0.000000
0.119512 -0.002727 0.000000
0.124417 0.007412 -0.001694
0.123110 -0.001816 -0.004442
0.054945 0.003887 0.007338
0.113046 -0.001840 0.011781
0.120678 -0.003283 0.012995
0.114718 0.004322 0.011339
0.121933 -0.006402 0.005410
0.173916 0.002702 0.009028
0.122800 0.001135 0.000776
0.120683 0.000115 0.011013
0.105138 -0.000088 0.011291
0.114652 0.007759 0.018806
0.123248 -0.003888 0.013159
0.115506 0.003574 0.016694
0.183402 0.002967 0.024755
0.114835 -0.001114 0.010889
0.110091 -0.000988 -0.005740
0.125422 -0.001932 0.008460
0.113600 0.005813 0.003811
0.126959 -0.003713 0.004366
0.125960 0.005111 0.013838
0.116115 -0.006259 -0.004728
0.148004 0.006264 0.004932
0.130147 0.003203 0.006136
0.122933 -0.007080 -0.002667
0.115674 0.002527 0.002667
0.118349 0.004421 -0.006136
0.115856 -0.006018 0.004430
0.128564 0.002408 0.003400
0.117453 0.001528 -0.013254
0.112818 -0.006091 -0.047273
0.061929 0.005025 -0.050988
0.120610 -0.012309 -0.043372
0.111987 -0.006560 -0.038029
0.131448 -0.002702 -0.024807
0.209955 -0.003852 -0.039532
0.129888 0.005172 -0.020348
0.036401 -0.000494 -0.009552
0.111978 0.000348 -0.009565
0.133495 -0.007779 -0.012097
0.119669 0.003006 -0.006031
0.171428 0.003965 0.003691
0.127458 -0.005090 0.014254
0.122497 0.001595 0.000278
0.126297 0.001567 0.000407
0.117021 0.001940 0.008074
0.115452 0.000447 -0.001938
0.143878 0.001789 0.018525
0.070204 -0.001453 0.012377
0.191934 -0.000938 0.035401
0.122278 0.000698 -0.020382
0.108995 0.004234 -0.005497
0.113904 -0.004165 0.000344
0.122466 -0.004617 -0.008846
0.123017 0.005879 -0.003040
0.123215 -0.003007 -0.006202
0.113449 -0.002056 -0.001393
0.061263 0.008280 -0.004081
0.111231 -0.001428 -0.005645
0.122272 -0.000503 0.010967
0.226096 -0.000046 0.057011
0.111633 0.001531 0.026280
0.115591 0.007618 0.031118
0.117094 0.002597 -0.003394
0.052568 0.002554 0.016426
0.111341 0.001146 0.004803
0.134872 -0.010007 0.010093
0.121420 -0.001192 -0.031440
0.113580 0.003051 -0.017338
0.170758 -0.004996 -0.017772
0.111678 -0.002616 -0.017305
0.122445 -0.000408 -0.015024
0.103170 0.001442 -0.004626
0.128281 0.002510 -0.006136
0.112472 0.003385 0.000000
0.125933 -0.006070 -0.006136
0.121310 0.003731 -0.000215
0.170415 -0.005663 -0.008587
0.113243 0.005326 0.002666
0.119340 -0.004573 -0.002093
0.124785 0.004863 -0.006226
0.120650 -0.003460 0.008319
0.121539 0.004885 0.000000
0.123763 -0.004274 0.006136
0.055394 0.006521 -0.001203
0.227155 -0.006507 0.020602
0.104408 0.001823 0.001295
0.125151 0.001492 -0.002286
0.118112 0.001886 0.000000
0.110933 0.000943 -0.014981
0.132425 -0.005556 0.002709
0.054883 0.005970 -0.007339
0.178950 -0.007664 -0.009146
0.045450 -0.002183 -0.009098
0.123773 0.006315 -0.030740
0.129558 -0.008655 -0.049819
0.181467 -0.008488 -0.094942
0.062981 -0.002721 -0.093633
0.178007 -0.019734 -0.170682
0.128477 -0.000308 -0.098428
0.075333 -0.030441 -0.042067
0.097855 0.021340 -0.092197
0.119663 0.001969 -0.092280
0.177563 -0.020303 -0.137753
0.109001 0.001047 -0.052215
0.092307 0.005295 0.073335
0.116338 0.008274 0.150417
0.103460 0.009756 0.114928
0.097955 0.003186 0.070929
0.104992 -0.000392 0.048715
0.083087 0.005346 0.025769
0.117572 -0.006077 0.012007
0.170717 0.000740 -0.003662
0.102238 -0.001905 -0.064880
0.116677 -0.002843 -0.067103
0.111603 -0.007942 -0.071343
0.108857 0.009499 0.008447
0.120002 -0.005915 -0.028781
0.127799 0.003233 -0.030628
0.107565 -0.012704 -0.072742
0.103173 -0.002937 -0.042064
0.078857 -0.032104 -0.071763
0.144760 0.023963 -0.064937
0.134235 -0.004570 -0.060348
0.103782 -0.008912 -0.033498
0.112091 0.004004 -0.008685
0.132610 0.001625 0.041621
0.101721 -0.031296 0.008067
0.114679 0.007036 -0.002704
0.075173 0.024818 -0.006636
0.122370 0.000306 -0.005859
0.122139 0.001023 -0.006135
0.175670 0.001455 -0.005914
0.112663 -0.011646 -0.028452
0.132044 0.004013 -0.036009
0.157891 -0.003750 -0.014586
0.102648 -0.025954 -0.029360
0.061382 0.018469 -0.034003
0.122058 -0.001254 -0.036534
0.180961 -0.002994 -0.054484
0.118588 -0.001625 -0.049103
0.116164 -0.006309 -0.036970
0.135086 0.000589 0.010029
0.114307 0.008362 0.010988
0.105760 -0.000377 -0.002176
0.137156 -0.002055 0.006136
0.104354 -0.003129 -0.001203
0.148096 0.006467 0.007338
0.133386 -0.003538 0.006136
0.116627 0.004420 0.000000
0.126688 -0.004634 0.000000
0.116865 0.004626 0.006136
0.117286 -0.003174 -0.007830
0.116873 0.004647 0.000491
0.124548 -0.004748 -0.011068
0.047623 -0.005025 -0.006848
0.127905 0.006747 -0.007116
0.124262 -0.001439 -0.006043
0.105340 0.001515 -0.011082
0.123627 -0.008414 -0.012361
0.212596 -0.001381 -0.036323
0.121291 -0.003156 -0.024189
0.114383 0.000302 -0.013400
0.112753 -0.006681 -0.038318
0.056468 0.002305 -0.052680
0.121499 -0.006041 -0.055809
0.111289 0.001352 -0.056286
0.123873 -0.010556 -0.055670
0.169278 -0.007536 -0.080865
0.106103 0.002552 -0.047954
0.114278 -0.001033 -0.049092
0.130092 -0.001418 -0.044202
0.129518 -0.007742 -0.036624
0.080968 0.007035 -0.018748
0.151370 -0.003888 -0.021207
0.115100 -0.009246 -0.006271
0.113492 0.004141 -0.002176
0.113472 0.000573 -0.000009
0.120983 0.005039 0.013238
0.117769 -0.005517 0.005030
0.120599 0.002660 0.012196
0.105473 -0.002756 0.005110
0.048838 0.004516 0.007959
0.193407 0.024254 0.008943
0.062891 -0.022652 0.004176
0.217303 0.004499 0.006892
0.115188 -0.003555 -0.008034
0.116943 -0.004652 -0.071071
0.106616 -0.008587 -0.107624
0.112666 -0.009581 -0.148340
0.127389 -0.005314 -0.068950
0.070068 0.023693 -0.134670
0.089583 -0.041958 -0.129238
0.117551 -0.004750 -0.134707
0.118207 -0.009895 -0.141126
0.179800 -0.016421 -0.206598
0.101033 -0.001910 -0.110451
0.028523 -0.004946 0.027710
0.039602 0.001168 0.005915
-0.004139 0.000001 0.000711
0.000000 0.000000 -0.000711
0.009703 0.000234 0.019183
0.013887 0.000078 0.005360
0.034058 0.000160 0.014834
0.041748 0.000052 0.040677
0.058888 0.006864 0.036038
0.057123 0.004800 0.034772
0.082598 -0.001072 0.017091
0.093857 -0.001416 0.056383
0.101810 0.007403 0.015752
0.147696 0.006049 0.051533
0.117635 -0.000480 0.039418
0.118891 0.000646 0.037647
0.116395 -0.001125 0.036429
0.104080 0.006546 0.040272
0.121222 -0.001982 0.036823
0.115580 0.006197 0.042602
0.112006 0.000301 0.016277
0.052054 0.002263 0.042602
0.115024 0.001467 0.035392
0.126045 0.004947 0.041553
0.104239 -0.002755 0.040390
0.146088 0.008833 0.072448
0.188798 0.016765 0.105781
0.083435 0.026500 0.019635
0.128247 0.004298 0.069444
0.073581 -0.019342 0.057716
0.122223 0.001076 0.055070
0.113798 -0.006139 0.050164
0.129425 0.012878 0.048514
0.168727 0.005815 0.063253
0.123033 -0.003245 0.036357
0.118477 0.003846 0.036694
0.121824 -0.006456 -0.029744
0.112939 -0.000128 -0.044370
0.111721 -0.002222 -0.029519
0.112704 -0.005091 -0.009830
0.157323 0.008732 0.006136
0.111480 -0.003607 0.018268
0.119524 0.005983 0.008942
0.098334 -0.007182 0.011679
0.112890 0.003966 0.028254
0.097746 0.006262 0.025688
0.109114 -0.005632 0.018403
0.122860 0.004955 0.049441
0.087361 0.014299 0.024362
0.047570 -0.008077 0.078275
0.146769 0.010684 0.151082
0.100436 0.023645 0.302059
0.092534 0.012697 0.174693
0.079962 0.007040 0.126543
0.061064 -0.002535 0.033191
0.013691 -0.004215 -0.007774
-0.004599 0.000000 -0.006846
-0.007466 0.005672 0.000711
0.007797 -0.005672 0.013044
0.019959 0.001712 0.014166
0.031375 0.002748 -0.008803
0.038888 -0.002941 -0.012272
0.061827 0.000764 -0.017168
0.073273 -0.014596 0.006762
0.058144 0.014967 0.012007
0.087526 -0.001292 0.023440
0.150469 0.005798 0.038296
0.114863 0.001949 0.021059
0.121648 0.000175 0.023103
0.116148 0.003427 0.018014
0.101801 -0.005731 0.013842
0.115048 0.006207 0.018960
0.119866 -0.003273 0.006005
0.117223 0.002324 0.005162
0.114053 0.002180 0.004011
0.128073 -0.006115 -0.018872
0.136355 0.001877 -0.028967
0.118352 -0.000859 -0.024367
0.099659 -0.004360 -0.022174
0.121984 -0.001360 -0.029816
0.119372 -0.004747 -0.030680
0.112771 0.005001 -0.024547
0.117635 -0.003051 -0.011582
0.054730 -0.005935 -0.023517
0.109771 0.006897 -0.015799
0.111135 -0.004073 -0.017222
0.116464 0.003181 -0.012075
0.172479 -0.001259 -0.014796
0.175316 -0.004848 -0.009525
0.121443 -0.002634 -0.007889
0.091160 -0.028677 0.001753
0.070393 0.027290 -0.006753
0.114021 0.004102 0.000617
0.127845 -0.000736 0.006373
0.171508 -0.004466 0.005899
0.119028 0.003314 0.014941
0.123402 0.001541 0.015623
0.126398 0.007300 0.012277
0.111596 -0.007782 0.004049
0.113332 0.002253 0.006639
0.147962 0.003811 0.001694
0.071851 -0.004204 0.006136
0.177785 0.002391 -0.006136
0.123111 -0.004567 -0.006136
0.119046 0.003899 -0.008312
0.109976 -0.002937 -0.013906
0.133882 -0.001221 -0.009974
0.117914 -0.004904 -0.010549
0.112997 0.001527 -0.009056
0.122684 0.002852 0.000001
0.096985 -0.021285 -0.004139
0.134761 -0.009629 -0.005424
0.062821 0.027881 0.000000
0.222686 -0.000481 -0.002164
0.112804 0.004101 -0.005622
0.123661 0.005184 0.006093
0.115656 -0.008599 0.000487
0.122539 0.004171 0.000005
0.056889 0.003856 0.008049
0.115912 -0.004785 0.005424
0.122067 -0.002349 0.000000
0.120275 0.002524 -0.000124
0.182263 0.001963 -0.009160
0.121775 -0.001444 -0.005657
0.122296 0.003684 -0.012277
0.076055 -0.006991 -0.010099
0.132162 0.006996 -0.005635
0.124587 -0.004967 0.000000
0.108518 -0.000476 -0.006358
0.130195 0.004076 0.000222
0.185192 -0.004589 -0.006135
0.115175 -0.003096 0.006135
0.118104 0.000131 -0.002669
0.120384 0.004783 0.008805
0.108640 -0.000231 0.006136
0.129818 0.002389 -0.001694
0.125291 -0.005468 0.001694
0.111865 0.007170 0.006136
0.165037 -0.006510 0.000000
0.102435 0.006270 0.000000
0.125701 -0.006239 0.006136
0.112611 0.005310 -0.006136
0.125315 -0.006510 0.000000
0.121482 0.006065 -0.006136
0.102441 -0.030301 0.000000
0.071412 0.029790 -0.006136
0.117178 -0.000532 -0.006136
0.116145 -0.004225 -0.006359
0.174561 -0.003856 -0.008596
0.131378 0.005326 -0.012233
0.137853 -0.022272 -0.010829
0.143620 0.016889 -0.014883
0.104070 -0.022881 0.002617
0.124564 0.001840 -0.012280
0.061754 0.018756 -0.006536
0.115893 0.004472 -0.004755
0.121841 -0.003485 -0.006135
0.125630 0.005810 -0.012049
0.180644 -0.005419 -0.008837
0.109793 -0.000309 -0.003435
0.124461 -0.000299 -0.012272
0.121360 -0.001795 -0.001772
0.122460 0.001745 -0.006099
0.089860 0.002719 0.001735
0.179025 -0.010004 -0.006136
0.119570 0.003247 0.000000
0.124084 0.002556 -0.012268
0.109323 0.001474 -0.000004
0.118647 -0.004108 -0.001731
0.130240 0.001275 -0.012254
0.102918 -0.002609 -0.011516
0.143428 -0.005098 -0.029521
0.102903 -0.018400 -0.011732
0.063096 0.018874 -0.072065
0.114194 -0.008452 -0.092469
0.205740 -0.017914 -0.161339
0.132354 0.000681 -0.108428
0.123080 -0.013611 -0.101547
0.114877 0.001272 -0.051982
0.132925 -0.013436 -0.170795
0.093682 0.020961 -0.040105
0.129510 -0.008778 -0.078297
0.056784 -0.028705 -0.020337
0.114479 -0.000340 -0.012539
0.168720 -0.007726 -0.023502
0.122926 0.003021 -0.013257
0.111407 -0.002332 -0.005018
0.126374 0.004297 -0.000129
0.115363 0.028876 -0.006136
0.064137 -0.029757 0.006136
0.176326 -0.000586 0.014254
0.063702 -0.003226 -0.015813
0.177610 -0.001542 -0.004577
0.101882 0.005754 -0.018080
0.100986 -0.005548 -0.028334
0.113685 -0.006152 -0.126432
0.087552 -0.014879 -0.206752
0.078712 -0.000309 -0.147102
0.100743 -0.009093 -0.032944
0.102666 -0.000164 -0.043374
0.144759 -0.007811 -0.031657
0.106062 0.000891 0.020862
0.109464 0.005088 0.028234
0.111427 0.005180 0.039773
0.117071 -0.002996 0.027598
0.105432 0.005836 0.030931
0.122569 -0.001755 0.020745
0.054275 0.023020 0.011754
0.103691 -0.023086 0.014596
0.115896 0.000252 0.004308
0.135423 -0.000211 0.007071
0.117605 -0.001168 0.005424
0.124441 -0.001880 0.000000
0.214411 0.009608 -0.006136
0.125768 -0.001109 0.000000
0.116377 -0.001077 0.001276
0.075707 0.024738 0.013703
0.083920 -0.023357 0.022840
0.117399 -0.001147 0.031236
0.122850 0.003319 0.048164
0.122186 -0.002772 -0.000636
0.030577 0.002550 0.000000
-0.004844 0.002590 0.000000
-0.004641 -0.000000 0.000000
0.000000 0.000000 0.000000
0.000000 0.000000 0.000000
0.000000 0.000000 0.000000
0.000000 0.000000 0.000000
0.000000 0.000000 0.000000
0.000000 0.000000 0.000000
0.000000 0.000000 0.000000
0.000000 0.000000 0.000000
0.000000 0.000000 -0.001503
0.000000 0.000000 0.001503
0.006027 0.007796 0.000000
0.017501 -0.010409 0.003208
0.024528 0.005171 0.067438
0.043927 0.005531 0.095202
0.074826 0.005994 0.271721
0.012280 0.002474 0.126388
-0.006231 -0.000001 0.022949
0.001299 -0.000013 -0.010129
0.012647 -0.004892 0.019748
0.017643 0.007279 0.121344
0.008587 0.002704 0.177629
-0.000659 -0.009343 0.113631
0.000122 0.000005 0.033978
0.014910 0.008784 0.000000
0.008324 -0.000250 0.079894
0.005210 -0.001321 0.173728
0.000000 0.000000 0.130795
0.000000 0.000000 0.207248
0.000000 0.000000 0.162114
0.000000 0.000000 0.094820
0.000000 0.000000 0.016566
0.000000 0.000000 0.000000
0.000000 0.000000 0.000000
0.000000 0.000000 0.000000
0.000000 0.000000 0.000000
0.009378 0.005771 0.072507
0.021966 -0.010375 0.055730
0.037846 0.010852 0.077329
0.044501 -0.000623 0.047092
0.075315 0.008513 0.171917
0.082197 0.000750 0.088566
0.074146 0.002722 0.075799
0.108642 0.009330 0.103631
0.098367 -0.002807 0.071498
0.117139 0.005541 0.061214
0.125354 -0.003575 -0.003070
0.133065 0.004448 0.000000
0.048084 0.008488 -0.000712
0.111629 -0.012227 0.007071
0.126485 0.005354 0.006212
0.121688 -0.004641 0.005837
0.135410 0.013006 0.000000
0.199702 -0.009078 -0.003433
0.049599 0.007580 -0.002703
0.124966 0.004577 0.000000
0.114160 -0.013842 0.000000
0.122878 0.004638 0.012502
0.179031 -0.005253 0.015210
0.107768 0.004427 0.024643
0.125082 0.003081 0.045563
0.099563 0.005313 0.031219
0.127150 0.001513 0.024025
0.099844 -0.003009 -0.013729
0.118605 -0.001333 -0.012272
0.090675 0.000470 -0.011356
0.171100 -0.009139 -0.034503
0.129728 0.000663 -0.044760
0.104779 -0.000689 -0.055077
0.124469 -0.004248 -0.036457
0.094224 -0.007999 -0.063093
0.112902 -0.000887 -0.059784
0.130700 -0.002586 -0.032589
0.102276 0.001502 -0.033821
0.123157 -0.014010 -0.079782
0.049703 -0.002884 -0.067986
0.113240 -0.006047 -0.077204
0.195634 -0.011233 -0.115121
0.118788 0.002233 -0.067155
0.107556 -0.006009 -0.049674
0.059845 -0.026607 -0.020486
0.108800 0.003074 -0.050293
0.098398 0.019806 -0.028895
0.114479 -0.000326 -0.023835
0.110699 -0.004951 -0.029457
0.163251 -0.002940 -0.053747
0.101297 -0.003132 -0.043417
0.122566 -0.005163 -0.043412
0.109228 0.006709 -0.042488
0.115071 -0.001705 -0.039665
0.075544 -0.008896 -0.040284
0.107706 0.001011 -0.062257
0.106796 -0.005220 -0.066385
0.110666 -0.002146 -0.069879
0.113278 -0.002416 -0.073353
0.151329 -0.015878 -0.093389
0.116977 0.001606 -0.073413
0.093216 -0.004575 -0.052914
0.097453 0.002269 -0.021514
0.082120 0.000225 0.073349
0.083298 0.003875 0.112289
0.081953 0.001597 0.068435
0.098886 0.008749 0.067640
0.096618 -0.001941 0.033842
0.096303 -0.000255 -0.063189
0.113158 -0.014038 -0.147671
0.105879 -0.006879 -0.111280
0.110419 -0.001944 -0.077601
0.083767 0.001756 0.032250
0.094649 -0.001553 0.015060
0.087963 -0.003153 0.006566
0.049083 0.002570 -0.013158
0.098651 0.005187 -0.057709
0.099545 -0.007359 -0.083801
0.114175 -0.008130 -0.093450
0.187135 -0.015193 -0.147055
0.105397 -0.000371 -0.078266
0.102789 -0.005602 -0.038210
0.103343 0.018410 -0.070927
0.063072 -0.019095 -0.057379
0.104105 -0.012747 -0.011296
0.174421 -0.004339 -0.092866
0.121448 -0.000036 -0.075009
0.112857 -0.009797 -0.062320
0.116203 -0.001283 -0.056860
0.118549 -0.000354 -0.036649
0.105236 -0.002045 -0.022485
0.118662 -0.006107 -0.034290
0.075604 0.005222 -0.023932
0.161164 0.000605 -0.037479
0.128767 -0.007770 -0.028767
0.108777 0.001077 -0.029592
0.115872 -0.009649 -0.056851
0.104322 -0.002010 -0.050046
0.125421 0.002917 -0.063723
0.101276 -0.008474 -0.021301
0.065936 0.013541 -0.053710
0.101949 -0.017602 -0.055578
0.117436 -0.002410 -0.061893
0.113994 -0.004339 -0.055219
0.187767 -0.008004 -0.087880
0.112956 -0.007139 -0.034683
0.112086 0.006417 -0.026461
0.111252 -0.008661 -0.004638
0.104748 0.011307 0.024112
0.055554 -0.000227 0.020042
0.104194 -0.004002 -0.026747
0.119863 -0.000665 -0.017407
0.135019 0.001607 0.000000
0.119998 -0.007878 0.000000
0.171601 0.001351 -0.002658
0.121498 0.002432 0.011432
0.084581 0.000662 0.029916
0.139724 0.007134 0.040355
0.102382 0.001343 0.026539
0.180547 0.001743 0.059882
0.066991 0.000105 0.026203
0.172350 0.008692 0.051227
0.127128 0.000530 0.018009
0.113919 -0.002105 0.013969
0.124900 0.005611 0.024444
0.119459 0.002343 0.025672
0.108277 0.001470 0.016702
0.127429 -0.003504 0.018398
0.119814 0.006003 0.012848
0.164856 0.002834 0.035259
0.116929 0.000788 0.018072
0.113209 -0.001734 0.014297
0.124800 0.005202 0.018120
0.115018 -0.005817 0.013569
0.115226 0.000718 0.010555
0.115269 -0.000721 0.010496
0.063495 -0.000932 0.011441
0.119870 0.009212 0.011292
0.118035 -0.004990 0.012180
0.183824 0.007468 0.018984
0.066555 -0.000878 0.005329
0.131096 -0.004566 0.014753
0.209026 0.004648 0.027691
0.064157 0.023867 0.001030
0.104516 -0.025489 0.004602
0.124784 -0.002748 -0.006247
0.114859 0.005903 -0.012228
0.124391 -0.000465 -0.012647
0.172747 0.000020 -0.020019
0.123420 -0.010098 -0.015505
0.111193 0.005403 -0.002313
0.121159 0.000934 -0.005654
0.117487 -0.001976 -0.008254
0.130220 0.002514 -0.012270
0.094467 -0.003744 -0.008859
0.179629 0.000364 -0.021200
0.114180 -0.000572 -0.011758
0.121719 -0.007743 -0.015619
0.116452 0.003132 -0.008425
0.116371 0.004362 -0.005682
0.120623 -0.003276 0.000028
0.133216 0.001758 0.009442
0.110529 -0.004444 -0.000527
0.076995 0.028382 0.030376
0.093710 -0.020220 0.035372
0.119260 -0.003801 0.046346
0.218711 0.009348 0.093700
0.128394 0.007112 0.056589
0.117494 0.006633 0.045084
0.080079 0.031493 0.025068
0.132554 0.004299 0.055226
0.075356 -0.035283 0.047243
0.136821 0.011157 0.058573
0.109836 -0.002737 0.045045
0.122689 0.005069 0.055215
0.170222 0.006119 0.068239
0.125952 0.004352 0.046055
0.123930 -0.003844 0.002438
0.112004 0.003985 -0.006023
0.096560 -0.003510 0.000713
0.121718 0.004988 0.006958
0.116760 -0.004460 0.004848
0.120653 0.003502 0.012450
0.176928 0.003382 0.024533
0.123857 0.003082 0.011524
0.114509 -0.001271 0.026497
0.120278 -0.004862 0.018972
0.117730 0.004917 0.029980
0.116414 0.007277 0.028980
0.115143 -0.003329 0.012815
0.111778 0.020551 0.043396
0.127725 -0.010683 0.064192
0.132499 0.001662 0.048442
0.115888 0.003641 0.035564
0.118536 0.000216 0.038126
0.113995 0.002538 -0.025242
0.123487 -0.003760 -0.024541
0.111400 0.000234 0.006520
0.121640 0.010066 0.053862
0.132502 0.003693 0.065006
0.045689 0.006313 0.020827
0.132456 0.001471 0.033500
0.112115 -0.002960 0.034278
0.185127 0.005275 0.049493
0.149127 0.002890 0.029498
0.115429 0.004294 0.036807
0.111183 -0.011875 0.032646
0.056711 0.020336 0.035355
0.137683 -0.002100 0.046657
0.172391 0.006654 0.050032
0.122856 0.004404 0.043406
0.116399 0.004873 0.005749
0.127034 0.000165 0.008950
0.106729 -0.000759 0.019562
0.126398 -0.003166 0.020647
0.130551 0.007433 0.026121
0.131092 0.004626 0.028931
0.139892 -0.003448 0.032891
0.116532 0.002861 0.030879
0.117513 0.002431 0.056658
0.124865 0.008930 0.067343
0.113894 -0.000363 0.067761
0.118462 0.004019 0.073081
0.120442 0.002078 0.070053
0.121034 0.006740 0.073412
0.072411 -0.027339 0.040531
0.122208 0.013267 0.077048
0.100067 0.028435 0.047578
0.130533 -0.000011 0.035016
0.205127 0.004135 -0.000872
0.122027 -0.008353 -0.010080
0.129637 0.004579 -0.016790
0.117569 -0.004793 -0.001577
0.050862 0.005502 0.007001
0.118546 0.004051 0.045893
0.123625 0.001505 0.071601
0.119357 0.001119 0.076276
0.175993 0.016481 0.114084
0.115681 -0.000124 0.077065
0.124301 0.010052 0.088783
0.119026 -0.003896 0.068824
0.088915 0.004728 0.058025
0.125747 0.009109 0.043712
0.124624 -0.008548 -0.012235
0.118084 0.002131 -0.005674
0.168052 0.004977 -0.008579
0.126031 -0.005066 -0.000001
0.116746 0.004264 0.006616
0.125771 -0.005139 0.016643
0.127534 0.001559 0.012271
0.097458 0.002513 0.011293
0.127971 -0.001660 0.013775
0.121174 0.008258 0.004632
0.064519 0.014096 0.004931
0.210740 -0.020309 0.003459
0.122431 0.003451 0.000493
0.118579 -0.002236 0.002184
0.116888 0.003271 0.006136
0.118576 -0.003213 0.003554
0.124038 0.001909 0.003785
0.121352 0.004684 0.003731
0.066347 0.015485 0.010044
0.112109 -0.017898 0.004860
0.114047 0.002377 0.010842
0.121079 0.001004 -0.000220
0.184137 -0.002300 0.003436
0.076442 0.000559 -0.003824
0.191979 -0.003208 -0.020507
0.131063 0.000040 -0.007639
0.069582 0.023799 -0.016905
0.092457 -0.019961 -0.003651
0.188272 -0.005729 -0.012049
0.058207 -0.000407 -0.000248
0.178505 0.005524 0.000248
0.128658 -0.003405 0.000000
0.108758 -0.000512 -0.002185
0.127372 -0.002852 0.006183
0.111224 0.008272 0.008273
0.117669 -0.004760 0.008843
0.102483 0.005949 0.010070
0.175852 -0.005924 0.027269
0.115949 0.002035 0.014389
0.127843 0.001124 0.028565
0.115931 0.005643 0.022821
0.127676 0.002994 0.026598
0.115439 -0.000830 0.020771
0.114200 -0.003898 0.011545
0.115392 0.007505 0.022237
0.079175 0.028399 0.018011
0.103085 -0.029419 0.025168
0.117292 0.007142 0.028340
0.201749 0.000740 0.029141
0.134245 0.007096 0.048721
0.109789 -0.001610 -0.034731
0.113640 -0.005449 -0.054643
0.118263 -0.003019 -0.004262
0.050421 0.005645 0.024339
0.122585 -0.004827 0.036794
0.109924 0.003431 0.034906
0.125805 0.006520 0.036785
0.173759 0.004037 0.044474
0.119742 -0.002722 0.025591
0.128718 0.000863 0.023922
0.115326 0.003752 0.013989
0.140788 0.033353 0.010064
0.079983 -0.031151 0.010985
0.117824 -0.001289 -0.001420
0.125889 -0.001107 0.000000
0.175743 -0.001110 0.000000
0.119927 0.005774 -0.002666
0.108550 -0.006883 0.002666
0.117505 -0.001381 -0.007885
0.125089 -0.000109 0.000054
0.127408 -0.000334 -0.006134
0.115614 0.000545 -0.004443
0.085064 0.035579 -0.012272
0.171359 -0.038093 -0.007829
0.145324 0.003036 -0.013253
0.098828 -0.001319 -0.005155
0.133230 -0.000745 -0.004442
0.119401 0.000482 0.013966
0.116992 0.005347 0.018989
0.123400 0.004069 0.070570
0.092708 0.039218 0.078987
0.077381 -0.029203 0.051431
0.117823 0.006989 0.062795
0.177143 0.006190 0.046663
0.062638 -0.002766 -0.019127
0.166118 -0.008063 -0.070175
0.168242 -0.001129 -0.030671
0.113742 -0.001039 -0.017726
0.056235 -0.000720 -0.010952
0.126868 -0.004927 -0.004537
0.112920 0.003476 -0.000223
0.124514 0.003552 0.006696
0.124532 -0.005109 -0.000148
0.171337 0.003021 0.005947
0.112339 0.002150 0.004008
0.129402 -0.006085 0.006078
0.121030 0.001473 0.016585
0.119342 0.004331 0.020093
0.127714 0.005380 0.024408
0.090540 -0.002071 0.015354
0.172826 0.001302 0.027975
0.119266 0.001951 0.025790
0.116747 -0.001917 0.016803
0.115816 0.003942 0.004252
0.131816 -0.000741 0.020407
0.111310 0.001047 0.011167
0.120942 0.000015 0.025665
0.121989 0.026039 0.005013
0.059041 -0.023842 0.018195
0.118323 0.002652 0.024545
0.117617 0.002409 0.022832
0.226787 -0.000716 0.034843
0.115482 0.004545 0.015157
0.123802 0.002882 0.022645
0.114905 -0.000736 -0.000976
0.125536 -0.000388 0.008519
0.047475 0.002832 0.004934
0.134435 -0.000243 0.006136
0.103777 0.004142 -0.026887
0.115838 -0.011172 -0.110381
0.168479 -0.014378 -0.155752
0.140237 0.004069 0.000936
0.105762 0.007155 0.074153
0.140645 0.005238 0.033646
0.134252 0.023597 -0.012779
0.060135 -0.021273 0.007351
0.124906 -0.008985 -0.000699
0.182089 0.000633 0.013458
0.117389 0.011771 0.026823
0.111731 0.010057 0.133643
0.098348 0.000375 0.136376
0.122878 0.004952 0.104196
0.116059 0.010446 0.106211
0.122654 0.006640 0.103917
0.119906 0.000887 0.051316
0.065810 0.010943 0.093102
0.177470 -0.002096 0.016554
0.060810 0.000872 0.000000
-0.001743 0.001036 -0.053828
-0.008356 -0.000000 -0.037799
0.000000 0.000000 -0.024384
0.011413 -0.002679 -0.048998
0.011782 -0.002387 -0.053523
0.037979 0.002475 -0.058215
0.038592 -0.004694 -0.060992
0.062824 0.005626 -0.050817
0.065813 -0.009785 -0.048649
0.117129 0.001612 -0.060076
0.062388 0.000317 -0.038383
0.190607 -0.014611 -0.069454
0.113268 0.013024 -0.065551
0.065303 -0.018887 -0.054109
0.110799 -0.007893 -0.056529
0.120714 -0.000955 -0.061055
0.175981 -0.005963 -0.078458
0.120664 -0.002391 -0.054350
0.120215 -0.005973 -0.054863
0.120893 -0.001057 -0.049493
0.111514 -0.000051 -0.043121
0.124934 -0.001666 -0.038742
0.122843 -0.009887 -0.037684
0.092192 0.002400 -0.028908
0.127046 -0.000449 -0.024745
0.173893 0.001080 -0.032569
0.123227 -0.007161 -0.017939
0.116735 0.001355 -0.008593
0.118878 -0.002739 0.004875
0.118284 0.002454 0.007830
0.118670 -0.004581 -0.001694
0.088190 0.037839 0.006136
0.164432 -0.034053 0.004901
0.041017 0.000111 0.008011
0.132650 0.006519 0.006030
0.206845 -0.000747 0.011738
0.137288 -0.002972 0.000000
0.106109 0.004030 -0.007338
0.120560 -0.002273 -0.007643
0.125497 -0.007699 -0.026933
0.048979 0.000633 -0.036127
0.131178 0.000094 -0.057398
0.106315 -0.007785 -0.050169
0.129997 0.001654 -0.055290
0.180893 -0.012339 -0.072643
0.111948 -0.000026 -0.020854
0.118095 0.003499 -0.002412
0.124793 -0.000308 -0.020586
0.089349 -0.002488 -0.005339
0.130798 0.003885 -0.006135
0.106287 -0.001065 -0.005424
0.128425 -0.003407 0.000000
0.174770 -0.000217 0.003214
0.129227 0.005398 0.005835
0.095671 -0.001525 -0.001220
0.135097 -0.004216 0.004442
0.111463 0.007306 0.009945
0.119554 -0.002911 0.004037
0.118246 -0.003321 0.006120
0.113545 0.004716 0.007297
0.138851 0.004131 0.011601
0.129670 -0.006465 0.000482
0.126835 -0.001107 0.003470
0.116924 0.001848 0.002184
0.112000 0.001623 0.003952
0.121962 0.001060 0.001698
0.127251 -0.002806 -0.001698
0.062174 0.022213 0.000000
0.106304 -0.016277 0.006136
0.121102 0.000257 0.000000
0.121108 -0.003334 0.000000
0.121835 0.000226 -0.006358
0.171300 0.001040 0.000222
0.169245 -0.007115 -0.022198
0.110282 0.003604 -0.004779
0.071611 0.023997 -0.003703
0.110330 -0.024903 -0.000712
0.113926 0.004794 -0.005720
0.125883 -0.006522 -0.006062
0.163163 -0.002859 -0.005914
0.126420 0.003505 -0.008314
0.117073 -0.000784 0.002179
0.129154 -0.004466 -0.006136
0.111484 0.008477 0.000000
0.125961 -0.003406 0.000000
0.140137 -0.000408 0.000000
0.126713 -0.003405 0.000000
0.121408 0.010448 0.036542
0.117333 -0.006810 0.028472
0.131684 0.002507 0.036186
0.116072 0.005921 0.027945
0.115859 0.001993 0.024046
0.116205 0.003070 0.018414
0.116592 -0.003955 0.009043
0.044261 0.002040 0.011126
0.122617 0.006222 0.009977
0.107376 -0.003393 -0.037556
0.113742 -0.007338 -0.050145
0.213860 -0.007040 -0.093039
0.108772 -0.001277 -0.047253
0.107742 0.002049 -0.029517
0.125793 -0.005604 -0.011737
0.047431 -0.005282 -0.000711
0.118499 0.007590 -0.006143
0.106625 -0.000730 -0.011773
0.124988 -0.001425 0.026672
0.187395 0.010552 0.099028
0.110248 0.006945 0.062060
0.123756 -0.003586 0.005852
0.112378 -0.005042 -0.009315
0.144356 0.004468 -0.009302
0.072345 -0.002335 0.001095
0.124503 0.002325 0.002071
0.046949 -0.001854 0.001045
0.031683 0.001725 0.064058
-0.012090 0.000000 0.036056
0.002037 0.000077 0.036895
0.015923 0.003194 0.034156
0.030216 -0.007831 0.001779
0.019952 -0.002680 -0.002183
-0.005825 0.000001 0.000000
0.000000 0.000000 -0.004211
0.007810 0.007772 -0.016782
0.042665 0.000312 -0.031536
0.043660 -0.003236 -0.013739
0.047155 -0.002588 -0.005996
0.065642 0.004620 -0.011313
0.088966 -0.003776 -0.012270
0.079326 -0.002699 -0.012678
0.058223 0.002856 -0.019603
0.096777 -0.000016 -0.023231
0.098633 -0.005863 -0.008175
0.062380 -0.001757 0.000000
0.023429 0.009241 0.000000
0.008101 -0.003904 0.000000
0.000000 0.000000 -0.000713
0.000000 0.000000 0.000713
0.000000 0.000000 0.000000
0.000000 0.000000 0.000000
0.000000 0.000000 0.000000
0.000000 0.000000 0.000000
0.000000 0.000000 0.000000
0.000000 0.000000 0.000000
0.000000 0.000000 0.000000
0.000000 0.000000 0.000000
0.000000 0.000000 0.000000
0.000000 0.000000 0.000000
0.000000 0.000000 0.000000
0.000000 0.000000 0.000000
0.000000 0.000000 0.000000
0.000000 0.000000 0.000000
0.000000 0.000000 0.000000
0.000000 0.000000 0.000000
0.000000 0.000000 0.000000
0.000000 0.000000 0.000000
0.000000 0.000000 0.000000
0.000000 0.000000 0.000000
0.000000 0.000000 0.000000
0.000000 0.000000 0.000000
0.000000 0.000000 0.000000
0.000000 0.000000 0.000000
0.000000 0.000000 0.000000
0.000000 0.000000 0.000000
0.000000 0.000000 0.000000
0.000000 0.000000 0.000000
0.000000 0.000000 0.000000
0.000000 0.000000 0.000000
0.000000 0.000000 0.000000
0.000000 0.000000 0.000000
0.000000 0.000000 0.000000
0.000000 0.000000 0.000000
0.000000 0.000000 0.000000
0.000000 0.000000 0.000000
0.000000 0.000000 0.000000
0.000000 0.000000 0.000000
0.000000 0.000000 0.000000
0.000000 0.000000 0.000000
0.000000 0.000000 0.000000
0.000000 0.000000 0.000000
0.000000 0.000000 0.000000
0.000000 0.000000 0.000000
0.000000 0.000000 0.000000
0.000000 0.000000 0.000000
0.000000 0.000000 0.000000
